0.208940 -1.000000 0.135261 -0.368464 0.024742 0.263072 -0.380493 0.568314 -0.475224 0.005194 0.045793 0.152553 0.619438 0.405167 0.000000 0.000000 0.000000 0.000000 1.000000
0.213819 -1.000000 -0.051278 0.400511 -0.056280 0.010369 0.603961 0.335487 -0.016265 -0.184702 -0.316375 -0.094670 0.824042 0.370500 0.000000 0.000000 0.000000 0.000000 1.000000
0.305702 -1.000000 -0.402101 0.554936 0.740415 0.488057 0.032613 0.025478 0.266689 0.382166 -0.112292 -0.777070 0.177517 -0.236465 0.000000 0.000000 0.000000 0.000000 1.000000
0.338092 -0.864435 -0.416049 0.269489 -0.139350 -0.636565 -0.340092 0.302042 1.000000 0.622145 0.126499 -0.121145 0.180753 -0.424972 0.000000 0.000000 0.000000 0.000000 1.000000
0.396305 -0.703716 -0.004509 0.196878 0.158786 -0.218781 0.529910 0.681813 -0.246977 -0.015900 -0.138113 -0.352385 -0.024302 -0.203936 0.000000 0.000000 0.000000 0.000000 1.000000
0.428569 -0.690211 0.320841 0.354290 0.152222 0.377709 1.000000 0.593166 0.044493 -0.755785 -0.428577 -0.226509 -0.077287 0.279348 0.000000 0.000000 0.000000 0.000000 1.000000
0.461997 -0.608507 0.691310 0.564516 -0.080416 0.313154 0.095979 -0.110193 0.334111 -0.251308 -0.446434 0.313154 -0.168613 -0.198390 0.000000 0.000000 0.000000 0.000000 1.000000
0.488679 -0.707512 0.815589 0.411527 0.438385 0.306748 0.367135 -0.133323 -0.274112 -0.476998 -0.299258 -0.694938 -0.135803 0.943804 0.000000 0.000000 0.000000 0.000000 1.000000
0.493993 -0.709873 0.129004 -0.535674 1.000000 0.426569 -0.032752 -0.423689 -0.219394 -0.013077 -0.306494 0.770819 0.207809 0.107204 0.000000 0.000000 0.000000 0.000000 1.000000
0.510160 -0.674844 0.156833 -0.506211 0.209029 -0.514241 -0.063997 -0.654769 -0.244676 -0.662799 0.016305 -0.373713 -0.055967 0.007720 0.000000 0.000000 0.000000 0.000000 1.000000
0.522916 -0.739407 0.257001 -0.489133 0.213985 -0.383549 -0.188799 -0.524328 -0.165336 -0.450028 -0.223993 0.085713 -0.067572 0.805249 0.000000 0.000000 0.000000 0.000000 1.000000
0.534018 -0.784263 0.365959 -0.306823 0.068036 -0.402311 0.006924 -0.417589 -0.203150 0.502916 -0.206969 -0.520716 0.000000 0.000000 0.000000 0.000000 1.000000
0.542565 -0.731513 0.302600 0.183357 0.235109 -0.784005 0.137623 0.044626 0.081381 -0.450303 -0.237323 0.625793 -0.068597 -0.577785 0.000000 0.000000 0.000000 0.000000 1.000000
0.538942 -0.726109 0.108118 0.362290 0.093001 -0.359530 -0.205553 -0.472905 0.043872 -0.026964 -0.232007 0.638169 0.493592 -0.159234 0.000000 0.000000 0.000000 0.000000 1.000000
0.539827 -0.692718 0.064567 0.129558 0.396495 -0.357018 -0.093853 -0.372106 -0.191923 -0.432457 -0.256045 -0.824735 0.155093 -0.613508 0.000000 0.000000 0.000000 0.000000 1.000000
0.535935 -0.685975 0.155554 -0.008897 -0.008010 -0.666956 -0.198200 0.428541 -0.160162 -0.157245 -0.399802 -0.453942 0.471270 -0.355043 0.000000 0.000000 0.000000 0.000000 1.000000
0.532234 -0.692428 0.382703 0.108909 -0.092732 -0.312847 -0.330449 0.864236 -0.161746 0.768382 0.156488 -0.151813 0.447883 0.051397 0.000000 0.000000 0.000000 0.000000 1.000000
0.426640 -0.595457 0.488439 0.341833 0.004344 -0.337959 -0.084921 0.757262 -0.260020 0.437966 0.385440 -0.080462 1.000000 -0.386025 0.000000 0.000000 0.000000 0.000000 1.000000
0.433894 -0.565116 0.820338 0.397603 -0.030516 0.028108 -0.020347 0.102685 -0.071194 0.743368 -0.010177 -0.209181 -0.064415 -0.415963 0.000000 0.000000 0.000000 0.000000 1.000000
0.441811 -0.598588 0.849590 0.317242 -0.116377 -0.030372 0.211183 0.059874 -0.273472 -0.458206 0.030690 -0.030372 -0.096323 0.714993 0.000000 0.000000 0.000000 0.000000 1.000000
0.423903 -0.591865 0.165177 -0.453877 -0.224638 -0.612563 -0.203940 -0.102009 -0.138396 -0.081311 1.000000 -0.381434 0.244519 -0.139956 0.000000 0.000000 0.000000 1.000000 0.000000
0.412161 -0.607270 0.127041 -0.241190 -0.136958 -0.279910 -0.119358 0.783128 0.169281 -0.487590 -0.334078 0.522649 0.292481 0.332569 0.000000 0.000000 0.000000 1.000000 0.000000
0.397446 -0.599045 -0.107689 -0.122775 -0.298919 0.458131 -0.493757 0.793685 0.195392 -0.299572 0.014987 0.360712 0.000000 0.000000 0.000000 1.000000 0.000000
0.375554 -0.589544 -0.069410 -0.223103 -0.346110 0.704217 -0.181586 0.853785 -0.155411 0.173251 0.143724 -0.462412 0.558775 -0.533457 0.000000 0.000000 0.000000 1.000000 0.000000
0.371814 -0.573388 0.263690 -0.062596 -0.183719 0.895605 -0.414880 -0.703883 0.878877 -0.703883 0.177937 -0.084967 0.036257 -0.204276 0.000000 0.000000 0.000000 1.000000 0.000000
0.334399 -0.534427 0.036240 -0.585332 -0.112839 -0.261721 -0.541897 -0.454433 0.941625 -0.312626 0.363488 -0.247176 0.363488 -0.367167 0.000000 0.000000 0.000000 1.000000 0.000000
0.340718 -0.500242 0.045647 -0.493132 -0.103666 -0.055858 -0.004124 -0.038082 -0.423623 -0.269162 0.219846 0.448963 -0.377407 -0.397145 0.000000 0.000000 0.000000 1.000000 0.000000
0.346177 -0.493765 0.002824 -0.157491 -0.280355 0.154005 0.094857 -0.005283 -0.404245 0.642487 0.434671 -0.355716 -0.113987 -0.026521 0.000000 0.000000 0.000000 1.000000 0.000000
0.314714 -0.466706 -0.060651 -0.219938 0.074898 0.217989 -0.130163 -0.577925 -0.144066 0.683720 -0.244858 0.127623 0.502397 -0.348535 0.000000 0.000000 0.000000 1.000000 0.000000
0.283531 -0.456469 0.152380 -0.149299 -0.386031 -0.218326 -0.068507 -0.383990 0.062645 -0.301158 0.100609 -0.228680 0.000000 0.000000 0.000000 1.000000 0.000000
0.252290 -0.419594 -0.228758 -0.402774 -0.457507 -0.019282 0.030268 -0.039466 0.329661 0.061453 0.635782 -0.483510 0.413760 -0.328767 0.000000 0.000000 0.000000 1.000000 0.000000
0.262726 -0.395208 -0.223283 -0.229899 -0.338999 0.566890 -0.223283 0.249497 -0.031525 0.477624 -0.454716 -0.365452 0.000000 0.000000 0.000000 1.000000 0.000000
0.257403 -0.384375 -0.401979 -0.095690 -0.434784 0.806450 0.185232 0.252044 0.306611 0.202836 -0.333089 0.150348 0.099939 -0.236752 0.000000 0.000000 0.000000 1.000000 0.000000
0.251210 -0.381904 -0.161397 -0.152678 -0.413545 0.574295 0.748957 -0.188700 0.156245 -0.136305 0.346175 -0.313137 0.000000 0.000000 0.000000 1.000000 0.000000
0.248102 -0.383400 -0.204289 -0.157204 -0.496049 0.803308 -0.420650 -0.524362 0.379230 -0.370287 0.566087 -0.229324 0.035019 0.177172 0.000000 0.000000 0.000000 1.000000 0.000000
0.240308 -0.373401 -0.212068 0.222173 -0.244613 0.882838 -0.238104 -0.230203 -0.254377 -0.002388 0.516941 -0.435237 0.074328 -0.096768 0.000000 0.000000 0.000000 1.000000 0.000000
0.236686 -0.366950 -0.450028 0.232305 -0.446789 -0.480323 -0.420875 0.841278 0.155706 -0.013875 -0.404679 -0.431734 -0.061322 -0.169358 0.000000 0.000000 0.000000 1.000000 0.000000
0.242458 -0.350310 -0.247110 0.222452 -0.474295 -0.142324 -0.179914 0.708819 0.527239 -0.315113 -0.112719 0.030464 -0.387900 -0.391907 0.000000 0.000000 0.000000 1.000000 0.000000
0.213511 -0.332097 -0.127405 0.321325 -0.073743 -0.284748 0.017800 -0.224772 -0.484104 -0.246868 -0.127405 0.330795 0.671222 -0.338410 0.000000 0.000000 0.000000 1.000000 0.000000
0.181836 -0.315182 -0.404075 -0.333882 -0.120469 0.089969 0.231701 -0.162472 -0.447706 -0.224802 0.287798 -0.118840 0.777096 -0.268434 0.000000 0.000000 0.000000 1.000000 0.000000
0.177987 -0.323422 -0.424139 -0.213659 -0.054082 0.093676 -0.085443 0.808700 -0.217158 0.099948 0.174851 0.049771 0.501002 -0.179162 0.000000 1.000000 0.000000 0.000000 0.000000
0.176167 -0.324072 -0.579998 -0.060513 -0.225448 -0.424476 0.110277 -0.073063 0.474240 -0.220531 -0.030916 -0.204843 0.248332 -0.421338 0.000000 1.000000 0.000000 0.000000 0.000000
0.165619 -0.326932 -0.497847 -0.179146 -0.403515 -0.270333 0.228507 0.273646 0.470625 -0.179146 0.005255 -0.059659 0.564957 -0.122547 0.000000 1.000000 0.000000 0.000000 0.000000
0.154816 -0.337018 -0.333100 -0.039199 -0.063795 -0.229296 0.047095 0.508915 0.433626 0.005157 0.218182 -0.400383 0.652238 0.093870 0.000000 1.000000 0.000000 0.000000 0.000000
0.147765 -0.331239 -0.303342 -0.037862 -0.246559 0.059931 0.065746 -0.157737 0.409597 -0.466887 -0.599874 -0.239756 0.453761 -0.479505 0.000000 1.000000 0.000000 0.000000 0.000000
0.136474 -0.335543 -0.474332 0.591742 0.082672 -0.060206 0.335856 -0.164644 -0.604088 -0.069701 -0.486991 -0.376686 0.570050 -0.180468 0.000000 1.000000 0.000000 0.000000 0.000000
0.140938 -0.331117 -0.467843 0.659335 -0.149258 0.321824 0.434288 -0.321654 -0.338517 -0.365814 0.686633 -0.529838 -0.190264 -0.365814 0.000000 1.000000 0.000000 0.000000 0.000000
0.136624 -0.337484 -0.557473 0.952459 0.035204 0.290056 -0.373648 0.204483 -0.116927 -0.372347 0.786350 -0.296281 0.469411 -0.220216 0.000000 1.000000 0.000000 0.000000 0.000000
0.133233 -0.340526 -0.454439 0.831640 0.565250 -0.451707 0.034758 -0.178519 -0.019244 -0.197579 -0.098659 0.536216 0.327005 -0.207108 0.000000 1.000000 0.000000 0.000000 0.000000
0.129476 -0.347539 -0.346314 0.910590 0.570141 -0.344346 0.049646 -0.015444 0.075191 -0.251743 0.346615 -0.203844 0.279558 -0.050570 0.000000 1.000000 0.000000 0.000000 0.000000
0.115924 -0.363581 -0.365530 0.909525 0.655541 -0.166476 0.481054 -0.360350 -0.107031 -0.134164 0.206399 0.227735 0.791252 0.266510 0.000000 1.000000 0.000000 0.000000 0.000000
0.122976 -0.373228 -0.277278 -0.129171 -0.540859 -0.513154 -0.615704 -0.135679 0.041623 0.150682 0.532992 0.010755 -0.095049 -0.155203 0.000000 1.000000 0.000000 0.000000 0.000000
0.123863 -0.377192 -0.280810 -0.060634 -0.492936 -0.276024 -0.457038 -0.321713 -0.160060 0.122121 0.600333 0.109067 0.000000 1.000000 0.000000 0.000000 0.000000
0.123555 -0.379199 -0.304585 0.212353 -0.474534 -0.264811 -0.441851 0.192744 0.107214 -0.205982 0.375210 -0.438028 0.198725 -0.277884 0.000000 1.000000 0.000000 0.000000 0.000000
0.120061 -0.384491 -0.509850 0.301193 -0.575466 0.668641 -0.224422 -0.066255 -0.181772 -0.213890 0.517036 -0.020324 0.421893 -0.144994 0.000000 1.000000 0.000000 0.000000 0.000000
0.118254 -0.382413 -0.350194 0.210518 -0.563125 0.711724 0.134633 -0.071206 0.062565 -0.162930 -0.330539 -0.257930 0.209978 -0.392241 0.000000 1.000000 0.000000 0.000000 0.000000
0.120116 -0.388272 -0.106876 0.259808 -0.458879 0.930915 0.409614 -0.352085 -0.376635 -0.582367 0.054321 0.305864 0.000000 1.000000 0.000000 0.000000 0.000000
0.110855 -0.384578 -0.115534 0.261777 -0.250054 0.540661 0.330681 0.123975 -0.535500 -0.427231 0.337243 -0.181157 0.658780 -0.397702 0.000000 1.000000 0.000000 0.000000 0.000000
0.108400 -0.384441 -0.528049 -0.184320 -0.154053 -0.000603 0.511922 -0.125268 0.610342 -0.587842 0.219943 0.065010 0.367573 -0.305705 0.000000 1.000000 0.000000 0.000000 0.000000
0.109470 -0.389071 -0.519233 0.022383 0.076553 -0.500987 0.211510 -0.425280 0.619674 -0.313364 0.251010 0.265965 0.135803 -0.125740 0.000000 1.000000 0.000000 0.000000 0.000000
0.108465 -0.397083 -0.633115 0.033298 0.240890 -0.026293 0.422974 -0.274590 0.065427 0.324633 0.846734 0.606036 0.413042 0.470300 1.000000 0.000000 0.000000 0.000000 0.000000
0.100787 -0.404174 -0.504804 0.068321 -0.072239 0.031719 0.260504 -0.314333 -0.142115 0.564107 0.796219 0.244674 0.656467 0.427683 1.000000 0.000000 0.000000 0.000000 0.000000
0.096029 -0.398545 -0.371257 0.164850 -0.182354 0.797841 -0.437539 -0.531108 0.437380 -0.246097 -0.261892 0.009088 0.377727 -0.043937 1.000000 0.000000 0.000000 0.000000 0.000000
0.092944 -0.398680 -0.510278 0.565812 -0.202038 0.396778 -0.553365 -0.312506 -0.162265 0.347061 -0.162265 0.522725 0.414442 0.290717 1.000000 0.000000 0.000000 0.000000 0.000000
0.091706 -0.398998 -0.528229 0.883969 0.118227 -0.137100 -0.034270 -0.524974 0.167955 -0.501768 -0.024324 0.310446 0.254149 0.307131 1.000000 0.000000 0.000000 0.000000 0.000000
0.095732 -0.393730 -0.482236 0.791931 0.270774 0.329556 -0.260957 0.299832 0.515172 -0.179056 0.297196 0.534322 -0.105731 0.078553 1.000000 0.000000 0.000000 0.000000 0.000000
0.104977 -0.385319 -0.390718 0.911366 0.016343 0.517436 0.019625 -0.273706 0.577692 0.149769 -0.055878 -0.014369 1.000000 0.000000 0.000000 0.000000 0.000000
0.097048 -0.391950 -0.572540 0.571200 0.001392 -0.144565 -0.044786 0.086327 0.351029 -0.428233 -0.242694 0.320517 0.766635 0.445859 1.000000 0.000000 0.000000 0.000000 0.000000
0.097259 -0.391106 -0.558736 0.904403 0.311529 -0.351549 -0.110418 -0.153761 0.555467 0.182478 0.509317 -0.163651 0.222525 0.116549 1.000000 0.000000 0.000000 0.000000 0.000000
0.094728 -0.389774 -0.698958 0.835335 0.193528 -0.261335 0.038742 0.127275 -0.356454 -0.264628 0.071675 0.005422 0.305500 0.097635 1.000000 0.000000 0.000000 0.000000 0.000000
0.100222 -0.384334 -0.421364 0.885186 0.398740 -0.318726 -0.113005 -0.089097 -0.244221 -0.420419 -0.106444 0.176616 -0.155650 -0.151425 1.000000 0.000000 0.000000 0.000000 0.000000
0.095260 -0.378626 -0.391506 0.882392 0.255337 -0.329623 -0.087686 -0.345957 0.209601 0.428295 0.114861 -0.114008 0.421948 -0.022535 1.000000 0.000000 0.000000 0.000000 0.000000
0.090790 -0.374777 -0.394617 0.882720 -0.430452 0.149723 0.136399 -0.120671 0.432855 -0.254239 -0.133996 0.426633 0.452402 -0.084836 1.000000 0.000000 0.000000 0.000000 0.000000
0.090692 -0.375913 -0.597265 -0.490029 -0.069071 -0.287880 -0.232094 -0.150941 0.198287 -0.079211 0.426519 0.406597 0.256975 0.266397 1.000000 0.000000 0.000000 0.000000 0.000000
0.090688 -0.379057 -0.598840 -0.493434 -0.203424 -0.055534 0.018794 -0.235269 0.224672 0.418312 0.244280 -0.447683 0.084152 0.519618 1.000000 0.000000 0.000000 0.000000 0.000000
0.092525 -0.381699 -0.595050 -0.417714 0.161283 -0.420989 -0.660533 -0.437359 0.665504 0.564536 0.180928 0.021024 0.108896 0.309151 1.000000 0.000000 0.000000 0.000000 0.000000
0.088899 -0.381844 -0.644592 -0.169001 0.380331 -0.345825 -0.556180 -0.424413 0.773272 0.256686 -0.015885 -0.227942 0.413076 0.158450 1.000000 0.000000 0.000000 0.000000 0.000000
0.082732 -0.394438 -0.756574 -0.305221 0.195080 -0.196177 0.525516 -0.447308 -0.393095 0.282955 0.003428 0.358955 0.733690 0.798434 1.000000 0.000000 0.000000 0.000000 0.000000
0.075870 -0.408296 -0.588232 -0.298169 0.102567 -0.254785 0.486345 -0.294832 -0.204455 0.395968 -0.201117 -0.528435 0.636519 0.816454 1.000000 0.000000 0.000000 0.000000 0.000000
0.070614 -0.408925 -0.233207 -0.358844 -0.613817 -0.425618 0.641529 -0.512424 -0.219852 0.515891 -0.440205 -0.462344 0.624835 0.215409 1.000000 0.000000 0.000000 0.000000 0.000000
0.070250 -0.405569 -0.322777 0.237262 -0.499306 0.130679 0.026950 0.320530 0.053596 -0.225710 0.629813 0.470413 0.536552 -0.492169 0.000000 0.000000 1.000000 0.000000 0.000000
0.055049 -0.324771 0.017732 0.075059 0.068377 -0.071545 -0.123541 0.080390 0.129684 -0.332767 -0.246156 -0.356757 0.398903 -0.362088 0.000000 0.000000 1.000000 0.000000 0.000000
0.060172 -0.325582 -0.281225 -0.410931 0.318888 -0.304244 -0.030511 -0.285574 0.030834 -0.077535 0.209534 -0.226896 -0.145199 -0.032193 0.000000 0.000000 1.000000 0.000000 0.000000
0.062036 -0.323070 -0.334618 -0.317746 0.245722 0.030991 0.424084 0.148124 0.506609 -0.333719 0.304289 -0.059521 0.219101 -0.280477 0.000000 0.000000 1.000000 0.000000 0.000000
0.063266 -0.323048 -0.248196 -0.243186 0.372066 0.015034 0.539776 0.363766 -0.104445 0.132166 0.191045 -0.107421 0.193707 -0.165986 0.000000 0.000000 1.000000 0.000000 0.000000
0.068632 -0.319661 -0.172996 -0.001031 0.185464 -0.510839 0.281053 -0.147069 -0.103959 0.052075 -0.056164 -0.131138 -0.159719 -0.311695 0.000000 0.000000 1.000000 0.000000 0.000000
0.063102 -0.316848 -0.172712 -0.059838 0.330711 -0.229412 0.237975 0.072642 0.293617 0.425038 0.208830 -0.160522 0.555926 -0.245309 0.000000 0.000000 1.000000 0.000000 0.000000
0.065463 -0.314390 -0.087927 -0.060504 -0.553385 -0.092239 -0.296854 -0.213893 0.321994 -0.404308 0.491251 0.418178 0.099843 -0.242984 0.000000 0.000000 1.000000 0.000000 0.000000
0.066839 -0.311594 -0.175951 0.234684 -0.334292 -0.345901 -0.212897 -0.340623 0.238376 -0.153252 0.465332 -0.129501 0.132815 -0.277286 0.000000 0.000000 1.000000 0.000000 0.000000
0.071437 -0.305610 -0.267443 0.135723 -0.175499 -0.098078 0.011017 0.316985 0.152874 -0.195277 0.507516 0.185636 -0.036269 -0.345015 0.000000 0.000000 1.000000 0.000000 0.000000
0.072817 -0.305564 -0.071662 0.243456 -0.195126 -0.216249 0.206788 -0.077024 0.085951 0.028051 0.054429 -0.166339 0.112220 -0.090159 0.000000 0.000000 1.000000 0.000000 0.000000
0.070680 -0.302237 0.013035 0.206081 0.013035 -0.283895 -0.000066 0.046249 -0.146797 -0.396564 0.264574 -0.173847 0.316978 -0.226251 0.000000 0.000000 1.000000 0.000000 0.000000
0.071295 -0.301003 0.427304 -0.392623 -0.211418 0.248717 0.047736 0.125684 -0.329215 -0.342886 0.105325 0.225157 0.244064 -0.230325 0.000000 0.000000 1.000000 0.000000 0.000000
0.071037 -0.302155 0.388061 -0.131853 0.084137 -0.058492 0.553123 0.452414 0.524303 0.161590 0.254439 -0.231414 0.325180 -0.110893 0.000000 0.000000 1.000000 0.000000 0.000000
0.072420 -0.301126 0.509620 -0.141431 -0.194612 0.104658 0.619574 0.209376 -0.003500 -0.209497 -0.351689 0.136073 0.169285 -0.235677 0.000000 0.000000 1.000000 0.000000 0.000000
0.073539 -0.301824 -0.460812 -0.414456 0.044726 -0.045126 -0.162204 0.266578 0.115448 -0.037268 0.008054 -0.121088 0.246417 -0.142043 0.000000 0.000000 1.000000 0.000000 0.000000
0.072959 -0.302527 -0.461680 -0.415220 -0.031872 -0.273698 -0.228430 0.405083 -0.335882 -0.239628 -0.128841 0.420808 0.269517 -0.140039 0.000000 0.000000 1.000000 0.000000 0.000000
0.076577 -0.311193 -0.422046 -0.229409 -0.152948 0.095092 0.089768 -0.181921 0.176829 -0.329661 -0.440514 -0.208303 -0.094907 0.514568 0.000000 0.000000 1.000000 0.000000 0.000000
0.080719 -0.312942 -0.484612 -0.268033 0.115062 -0.315584 -0.003816 -0.014426 0.260357 -0.347285 -0.146470 -0.305017 -0.201946 0.022558 0.000000 0.000000 1.000000 0.000000 0.000000
0.081353 -0.312578 -0.306874 -0.196374 -0.037492 -0.080170 0.094558 0.249955 0.115686 -0.259758 0.300557 0.094136 0.099840 -0.117144 0.000000 0.000000 1.000000 0.000000 0.000000
