176 103
177 105
184 111
190 119
192 120
196 125
204 132
209 138
214 146
215 146
215 149
216 152
216 155
216 159
217 162
218 167
218 171
220 186
220 192
220 193
220 194
221 198
220 205
220 210
219 217
218 224
216 230
215 245
215 253
213 260
212 267
211 273
209 279
208 285
205 289
200 305
197 311
197 313
196 315
195 318
192 324
190 327
188 330
186 333
176 346
172 350
169 353
166 356
164 357
164 358
163 358
158 355
154 354
153 353
153 352
150 349
146 341
140 331
137 324
136 319
135 304
135 299
135 292
136 286
137 282
138 279
139 276
141 270
147 257
148 255
151 251
153 247
156 245
158 242
159 240
160 240
161 238
161 237
163 238
164 239
170 241
177 243
183 246
189 249
208 259
215 263
217 264
219 265
222 266
225 270
229 275
234 279
238 284
244 292
248 297
252 303
257 309
264 317
269 323
275 328
282 334
291 341
325 356
333 359
336 360
338 361
339 361
341 361
345 360
348 359
350 359
358 357
361 357
364 356
368 354
371 352
376 348
378 345
382 341
386 335
