60 18
62 28
65 39
69 48
70 58
72 66
72 72
74 78
74 80
75 85
75 88
75 92
75 94
75 98
75 101
75 102
75 105
75 106
75 108
73 108
73 110
71 113
67 114
66 116
64 118
61 120
59 123
57 124
54 125
53 126
51 126
49 126
46 126
45 126
43 126
41 124
38 124
37 122
36 121
35 118
33 117
33 115
31 112
31 110
31 107
31 104
31 102
32 98
33 96
33 94
35 91
36 87
37 84
39 81
40 80
43 79
44 78
45 78
47 78
49 78
50 78
52 78
53 79
56 80
58 81
60 83
63 84
65 85
68 87
71 90
73 92
75 93
79 95
81 96
83 98
86 100
88 101
90 102
93 103
95 104
97 104
102 106
105 106
109 106
112 106
113 106
115 104
117 104
117 105
