53 26
53 38
54 50
54 59
54 66
54 71
54 76
54 82
53 88
51 96
50 103
48 111
46 117
43 120
42 122
41 125
40 126
39 127
36 127
35 127
33 127
31 127
28 126
26 126
21 124
18 122
15 120
11 118
9 114
7 112
7 110
5 108
5 105
5 104
5 102
5 100
5 98
5 96
5 95
5 93
6 92
6 91
7 90
9 89
10 88
11 86
15 85
19 84
23 83
27 81
32 80
36 80
40 80
42 80
46 80
49 82
50 82
52 83
55 84
57 87
58 88
63 91
65 94
68 96
70 98
72 100
75 104
78 106
79 107
79 108
81 110
82 110
83 110
84 110
85 110
88 108
91 107
94 106
97 105
99 103
100 102
101 102
