195 95
191 108
189 120
187 129
183 141
180 154
178 164
176 174
173 181
171 186
169 189
168 191
166 192
165 193
163 194
162 194
161 194
158 194
156 194
154 194
151 194
149 192
147 191
143 188
139 185
137 182
134 178
133 175
133 170
133 168
133 166
133 162
133 161
133 160
135 159
137 158
139 156
141 155
144 154
147 154
152 153
155 153
160 153
166 154
170 156
175 158
181 162
184 164
189 167
191 169
193 171
196 172
197 173
198 174
199 175
201 176
202 176
203 176
204 176
207 173
212 170
221 165
229 160
235 156
241 152
243 149
247 148
