71 354
71 363
71 375
71 387
71 398
71 407
71 414
71 418
71 423
71 430
71 434
71 439
71 442
71 446
71 450
70 452
70 455
69 456
69 458
69 459
67 460
67 461
66 461
65 462
64 462
63 463
62 464
61 464
59 465
57 466
56 466
55 467
54 468
52 468
51 468
49 468
47 468
45 468
43 468
41 468
39 467
37 467
36 466
35 464
34 464
33 463
33 462
33 461
31 458
31 457
31 456
31 454
31 452
31 450
31 449
32 448
33 447
33 445
34 444
35 443
35 442
37 440
39 439
40 438
43 436
45 435
49 434
51 433
54 431
55 430
58 430
59 430
62 430
63 430
65 430
69 430
71 430
73 430
75 430
77 430
79 430
83 432
85 434
86 434
87 435
89 436
90 438
92 439
93 441
94 442
96 444
97 446
98 448
100 450
101 451
103 452
103 453
104 454
105 454
107 455
108 455
109 455
111 455
112 455
113 455
115 455
