400 26
400 27
400 32
400 36
401 44
402 54
402 62
403 68
403 73
404 78
405 83
405 86
405 92
405 94
405 98
405 102
405 106
405 108
405 110
405 112
404 114
403 116
402 117
401 118
400 120
399 120
397 122
396 122
394 123
393 124
392 126
391 126
389 126
388 126
387 126
385 126
383 126
381 126
379 126
377 126
375 125
374 124
373 124
373 123
372 122
372 121
371 120
371 119
371 118
371 116
371 115
371 114
372 112
373 112
374 112
375 112
376 110
377 110
379 109
380 109
381 109
383 109
385 109
386 109
387 109
390 109
392 109
393 109
397 110
399 110
400 110
401 111
403 112
405 114
406 114
407 114
408 115
409 116
411 117
412 118
413 118
415 120
416 120
417 121
418 121
419 122
421 122
422 122
424 122
425 122
429 122
430 122
431 122
