121 66
121 67
121 69
121 73
121 76
119 84
118 94
117 103
117 111
115 117
115 124
113 128
111 135
111 141
109 144
108 148
107 151
107 153
106 154
105 156
103 158
101 159
101 160
99 160
97 160
95 160
93 160
90 160
87 160
85 160
81 160
79 159
74 158
72 156
70 154
67 152
65 150
63 149
63 146
63 144
62 143
62 141
62 138
62 136
63 134
63 132
65 129
65 127
67 125
68 123
69 122
71 120
72 120
73 119
75 118
76 118
77 117
79 116
82 116
84 115
87 114
91 114
94 113
98 112
101 112
103 110
106 110
108 110
112 110
114 110
117 110
119 111
122 112
124 114
126 114
129 115
129 116
131 117
131 118
133 120
134 121
135 122
135 124
136 126
137 128
137 130
138 131
139 133
141 136
143 137
144 140
145 142
147 144
149 148
150 150
152 152
153 156
155 157
157 158
159 159
160 160
162 161
164 161
165 162
167 162
170 162
172 162
174 162
177 162
179 162
