173 76
172 91
172 105
171 120
171 138
169 163
168 178
167 191
166 202
164 213
161 224
159 230
157 239
155 244
154 248
151 250
148 253
146 254
143 255
140 256
137 256
135 256
133 256
129 254
127 254
125 250
120 246
117 240
113 236
109 228
107 224
105 218
103 215
101 209
101 206
100 200
100 194
100 187
101 181
105 174
107 170
109 168
112 165
114 164
117 162
123 161
129 161
135 161
142 161
150 162
156 164
163 167
169 171
174 176
178 181
181 185
187 191
190 194
193 199
196 202
198 203
200 206
201 208
204 208
206 210
208 212
212 212
215 212
221 212
226 212
231 212
237 212
243 212
247 212
250 211
252 211
