141 136
140 146
140 158
140 172
139 186
138 197
137 206
136 214
135 224
134 234
133 242
131 250
130 258
128 263
126 268
125 272
121 276
119 279
117 280
115 282
112 284
111 285
109 286
108 286
106 286
105 286
103 286
101 286
97 286
93 285
89 284
84 282
81 281
77 279
76 277
74 275
73 272
72 270
71 266
71 264
71 260
71 256
72 254
74 251
75 249
77 248
78 246
79 246
80 244
83 244
84 244
87 244
91 243
95 243
102 243
109 242
114 242
121 242
128 244
133 246
137 248
141 250
143 253
145 256
146 260
148 263
149 264
150 266
151 268
153 268
153 271
154 271
155 272
156 273
158 274
159 274
161 274
163 275
166 275
169 275
173 274
179 272
188 266
195 258
