82 352
82 360
83 369
85 377
85 384
85 391
85 396
85 399
85 402
85 405
85 406
85 408
85 411
85 412
85 414
85 418
85 420
85 423
85 426
85 428
85 430
85 432
85 434
85 435
85 436
84 439
83 440
83 442
82 443
81 445
79 447
77 448
75 449
73 450
71 452
69 452
66 454
65 454
63 455
61 455
59 455
58 455
57 455
55 455
53 455
52 454
51 453
49 452
47 452
46 452
45 451
44 450
43 450
41 449
41 448
40 447
39 446
39 444
39 443
39 442
39 440
39 438
40 437
40 436
41 435
42 434
43 432
45 431
45 430
47 429
49 427
51 426
52 426
53 425
53 424
54 424
56 423
57 423
59 422
60 422
63 420
65 419
66 418
70 418
72 417
75 416
77 416
80 416
81 416
82 416
83 416
84 416
85 416
86 416
87 416
88 418
89 420
90 422
91 424
91 425
92 428
93 430
93 434
93 436
94 438
94 440
95 442
97 444
97 445
97 446
98 447
99 449
101 450
104 451
105 452
107 453
109 454
111 454
113 454
113 456
