76 55
76 64
74 72
74 80
72 89
72 96
71 104
70 112
69 119
67 124
67 128
65 131
65 136
65 140
63 143
62 147
61 149
59 152
58 154
57 155
56 156
55 156
52 157
51 158
49 160
46 160
42 161
40 161
37 161
35 161
33 161
31 160
29 157
27 156
26 152
25 148
23 145
23 139
21 132
21 126
23 117
23 112
23 109
25 104
26 104
27 102
29 102
30 102
31 102
33 102
34 102
36 103
37 104
39 104
41 105
45 106
48 107
53 108
56 110
61 111
63 112
67 116
72 118
74 120
77 122
79 124
81 127
83 128
85 130
87 133
87 134
88 135
91 137
91 138
92 140
93 142
95 144
96 146
99 148
101 150
102 152
105 153
108 154
110 155
113 155
115 155
117 155
121 154
