126 130
126 144
126 157
126 170
126 186
126 198
127 206
127 213
127 220
127 226
127 230
127 234
127 236
127 238
127 241
126 242
125 244
125 245
124 246
123 248
121 249
119 251
118 252
115 256
109 258
104 260
97 263
90 266
84 268
78 270
74 271
70 271
68 271
65 271
63 271
60 270
58 270
56 268
55 266
53 264
53 262
52 260
52 258
52 256
52 254
52 252
52 248
52 246
53 242
55 239
56 234
58 231
60 229
61 227
64 225
65 224
67 224
69 223
70 223
71 223
73 223
75 223
77 223
78 223
81 224
83 224
86 225
92 229
97 231
103 234
111 240
117 242
124 246
129 249
133 253
138 255
141 258
145 260
147 262
149 262
151 263
152 264
153 266
154 266
155 266
155 267
156 267
156 268
