264 60
264 61
264 62
264 63
264 64
264 67
263 72
263 73
263 74
263 79
263 81
262 82
262 83
262 86
261 89
261 91
260 94
260 96
260 97
260 98
260 99
260 102
259 104
259 107
258 110
256 120
256 125
254 134
253 140
253 146
252 151
252 157
251 162
251 173
251 176
250 181
250 187
250 189
250 191
249 196
249 202
247 209
247 214
244 229
243 235
242 240
241 247
240 253
238 260
238 265
236 271
235 278
231 295
229 301
226 307
224 313
222 320
222 322
221 324
218 330
216 334
211 341
208 346
203 351
200 356
196 359
191 362
186 366
177 369
172 370
169 371
167 371
166 371
164 369
160 368
158 366
157 365
152 359
139 344
137 340
133 334
129 328
125 322
123 317
122 311
121 305
121 300
122 285
123 278
124 274
125 270
125 267
126 265
127 265
127 263
128 261
133 255
133 253
134 252
135 251
137 250
138 249
142 244
143 243
144 242
147 241
152 239
161 239
164 239
167 239
171 240
176 241
180 242
183 243
188 246
193 250
210 263
219 270
222 272
225 275
233 280
241 284
246 287
251 291
253 292
255 292
260 296
262 298
264 300
266 303
270 306
271 308
274 309
276 311
278 312
282 315
284 316
291 318
295 320
297 321
298 321
303 323
310 325
316 327
321 328
329 330
331 330
332 330
335 330
337 330
339 330
340 329
341 329
342 329
342 328
