189 101
189 110
189 116
187 122
187 130
187 134
187 140
186 145
185 152
184 160
183 165
181 174
179 180
177 184
176 187
175 189
173 190
173 192
171 194
169 194
167 195
166 196
164 196
162 197
160 197
155 198
153 198
148 200
144 200
139 201
137 201
134 200
130 200
128 200
127 198
125 198
124 196
124 193
123 191
123 189
123 185
123 182
123 178
124 176
125 173
126 172
127 170
128 170
129 168
131 168
134 166
137 163
142 161
145 159
149 158
153 158
156 158
160 158
164 158
168 158
173 159
178 160
181 160
187 162
189 165
191 166
194 168
195 172
199 176
202 181
204 184
205 187
207 190
208 192
209 194
210 195
211 196
212 197
214 198
215 198
217 198
219 198
221 198
225 198
229 198
231 198
235 198
238 198
240 198
241 198
