182 47
182 50
181 55
181 63
180 72
180 84
179 95
178 106
177 115
176 122
174 130
172 139
171 143
169 148
169 150
167 154
167 156
165 158
164 158
163 158
162 160
161 160
160 160
158 160
156 160
154 160
153 160
148 158
146 158
142 157
139 156
137 153
134 150
133 149
131 147
130 144
129 142
129 141
129 140
129 138
129 136
129 135
129 134
131 132
132 131
133 130
136 130
137 130
139 130
143 130
144 130
146 130
149 130
151 130
153 131
156 132
159 132
161 133
164 134
166 134
168 135
172 136
176 138
179 139
183 141
187 143
190 144
196 148
198 149
201 150
205 152
206 153
208 154
209 155
212 155
213 155
214 155
215 155
218 155
219 154
220 154
221 153
222 152
225 151
226 150
228 147
230 145
233 143
235 142
