58 344
61 353
64 362
67 372
71 382
73 390
74 398
77 406
78 414
79 418
79 422
79 424
81 427
81 430
81 431
81 432
81 434
81 435
80 436
79 438
79 439
77 441
75 443
74 445
73 448
69 451
67 453
65 454
64 457
61 458
60 459
58 459
56 460
53 460
51 461
49 461
45 462
40 462
37 462
34 462
30 462
28 462
25 461
23 460
22 460
21 458
19 456
19 454
18 454
17 452
17 451
17 449
17 447
17 446
17 444
17 442
19 441
19 440
20 438
21 436
21 434
23 433
26 432
28 429
30 427
32 426
35 424
36 424
37 423
39 423
41 423
43 423
45 423
48 423
50 423
53 423
57 422
60 422
64 422
67 422
70 422
73 422
75 422
77 424
80 425
81 426
82 427
83 429
84 430
85 431
85 432
85 434
86 436
87 438
87 439
87 440
88 442
89 442
91 444
92 444
93 445
96 447
98 447
100 448
103 448
105 448
107 448
109 448
112 448
113 448
115 447
