52 382
53 384
55 389
56 395
57 403
58 413
59 421
61 429
61 434
63 440
63 443
63 447
63 449
63 454
63 456
63 458
63 462
63 466
62 470
62 473
61 475
60 477
59 478
57 479
57 480
55 480
55 481
53 482
51 483
50 483
48 483
47 483
45 483
44 483
42 483
41 483
39 483
38 482
37 482
35 481
35 480
35 479
35 476
35 475
35 473
35 470
35 468
35 466
35 464
35 461
35 460
35 458
35 456
35 454
37 453
37 452
38 451
39 450
40 448
41 446
42 446
44 444
45 444
46 443
47 443
48 443
49 443
50 443
51 443
52 444
53 444
54 445
56 446
57 447
59 450
60 450
63 452
65 452
66 454
69 454
71 456
73 457
75 458
77 459
78 459
81 460
82 460
84 461
85 461
86 462
87 462
88 462
89 462
91 462
92 461
93 461
95 460
96 460
97 459
98 459
99 458
101 456
102 455
103 454
