211 132
208 144
206 157
204 169
201 183
198 195
196 206
193 217
189 228
185 239
182 248
177 257
175 263
172 268
168 271
166 272
164 274
161 275
159 276
155 276
151 277
148 277
143 277
137 277
135 275
129 273
125 270
122 265
119 259
117 256
117 250
116 247
116 245
116 242
116 240
117 238
118 235
121 233
122 232
123 231
125 229
129 228
130 228
132 228
135 229
137 230
141 231
144 232
147 234
152 238
155 242
161 246
165 250
170 254
174 259
176 260
179 263
182 266
184 268
187 270
190 270
192 271
195 271
197 271
200 271
203 271
209 270
215 267
221 265
227 261
232 259
235 258
239 256
240 256
241 255
242 255
