70 122
70 124
70 130
71 138
71 144
72 154
72 161
72 168
73 173
73 181
73 186
73 192
73 196
73 199
73 201
73 204
73 206
73 208
73 210
73 212
73 213
73 216
72 217
71 219
69 220
68 221
66 222
63 224
61 225
60 226
57 226
55 226
53 226
50 226
49 226
47 226
45 226
42 226
41 226
39 225
39 223
36 222
36 221
35 220
35 216
35 215
34 213
34 212
34 208
34 207
34 205
34 202
34 200
35 198
35 196
38 194
39 193
40 191
41 190
42 188
43 186
45 185
47 184
48 183
49 182
51 180
53 180
55 180
56 180
59 180
60 180
61 180
62 180
63 180
66 180
67 182
68 182
69 183
71 184
71 187
73 190
74 192
76 194
78 197
81 200
82 203
85 207
89 210
91 214
93 216
97 220
101 223
104 226
106 227
109 228
110 231
112 232
115 232
116 233
117 233
119 233
120 233
121 233
122 232
123 232
123 231
