331 216
331 215
331 214
331 212
331 210
331 209
331 208
331 205
331 203
331 201
333 194
335 188
336 183
337 176
339 168
341 161
342 156
343 152
344 149
345 148
345 146
345 145
345 144
345 142
348 137
350 130
352 124
355 118
361 108
366 98
370 90
372 87
373 85
373 84
374 84
374 83
375 83
376 83
377 83
378 83
379 83
380 84
383 84
386 86
391 88
396 90
402 92
404 95
407 96
410 99
411 100
412 104
413 105
413 106
413 108
414 111
414 113
414 114
414 115
414 117
414 118
414 120
414 121
414 122
413 124
413 125
412 126
411 128
409 130
406 130
405 132
403 133
401 134
398 134
397 134
395 135
392 135
389 135
386 135
385 135
384 135
384 136
384 137
385 138
385 139
387 140
389 142
391 144
393 146
395 149
397 152
397 154
399 156
399 159
400 160
401 162
402 163
402 164
402 166
402 168
402 169
401 170
401 171
401 173
399 174
397 176
393 177
391 180
388 182
385 184
382 185
380 188
377 188
375 189
374 189
373 189
371 189
369 189
368 189
367 187
363 185
362 184
361 182
359 179
358 178
357 176
355 175
355 174
354 172
353 171
353 170
352 170
352 169
