295 113
295 114
295 115
294 115
294 114
294 113
294 112
294 111
294 109
294 107
294 104
294 102
294 100
294 98
294 96
294 94
294 93
294 92
294 90
294 88
295 87
295 84
295 83
296 82
297 78
299 73
302 68
304 65
307 62
309 58
313 54
315 51
320 47
323 45
327 41
331 39
335 36
339 35
341 34
342 33
345 32
347 32
348 32
349 32
352 32
353 32
355 32
356 33
359 34
361 36
363 38
365 39
368 40
369 42
371 43
372 45
373 46
375 47
375 48
375 50
375 51
376 52
376 54
376 55
376 56
376 58
376 59
375 59
375 61
373 63
372 63
371 64
369 64
367 64
364 64
362 64
360 64
357 64
355 64
353 64
351 64
349 64
348 64
348 63
349 63
350 63
352 63
353 64
354 65
355 66
356 66
357 67
357 69
359 70
359 71
359 72
359 73
359 75
359 76
359 77
358 78
357 79
357 80
356 80
355 81
353 82
351 82
349 83
347 83
344 83
341 83
338 83
334 83
331 83
327 83
326 83
324 83
323 83
321 82
319 81
318 80
317 80
316 79
315 78
314 78
314 77
313 77
313 76
