180 422
180 408
180 396
179 381
177 366
177 352
176 340
175 325
175 314
175 301
174 288
174 276
174 264
174 254
174 244
174 234
175 222
177 212
181 202
183 194
187 188
191 182
195 176
201 170
207 163
215 158
222 151
229 147
237 143
243 141
252 140
259 140
264 140
272 140
278 142
285 145
292 148
295 152
301 156
303 158
304 160
307 163
309 165
311 168
312 172
314 175
315 179
317 186
317 196
317 204
314 212
311 218
308 224
303 228
297 233
291 236
283 238
279 240
273 240
270 240
267 240
266 240
265 240
264 240
263 240
263 239
264 239
265 239
267 240
274 244
284 252
297 263
307 272
317 280
325 290
330 296
337 300
341 304
345 306
346 308
347 309
347 310
348 310
348 312
347 314
345 316
341 318
333 324
327 328
317 335
307 338
298 342
288 345
280 346
273 347
265 347
259 346
254 344
247 342
243 340
237 336
234 333
230 328
