195 132
190 148
183 168
179 182
173 193
169 206
162 216
157 229
154 238
150 246
148 250
147 254
146 257
146 258
145 260
143 261
143 262
143 263
143 264
201 133
209 131
217 129
223 128
227 128
233 128
237 128
241 128
243 128
245 128
248 128
249 128
250 128
251 129
251 130
251 131
252 132
252 134
252 138
253 144
253 150
253 155
253 159
253 162
253 166
253 169
251 171
251 174
249 178
248 179
245 182
243 182
241 182
239 182
238 182
237 182
237 181
237 180
237 179
238 179
239 179
241 178
243 178
245 178
249 178
253 178
255 178
259 179
260 179
261 180
263 180
263 182
264 183
265 184
265 185
265 186
266 189
266 190
266 192
266 193
266 196
263 198
261 202
257 208
253 214
247 218
239 222
236 226
231 228
228 230
225 233
220 234
217 236
213 236
209 236
207 236
205 236
203 236
202 236
201 236
200 236
199 236
199 235
199 234
199 233
199 232
