224 72
221 83
216 94
212 104
209 112
205 122
203 132
201 141
199 151
197 159
194 168
193 173
192 178
190 182
190 184
189 186
189 188
189 190
188 190
188 192
187 192
187 193
186 194
186 195
186 196
185 197
185 198
185 200
184 201
183 204
183 206
182 209
180 211
180 213
179 216
179 218
178 220
178 221
177 222
177 223
177 224
177 225
177 226
177 227
177 226
177 224
177 223
177 222
177 221
177 220
177 219
177 218
177 216
177 215
177 214
177 212
177 211
177 210
177 209
177 208
178 206
178 205
178 204
178 202
178 200
178 199
178 198
178 197
178 196
178 194
178 193
178 192
179 192
179 190
179 188
181 186
181 185
182 183
182 180
182 179
183 176
184 174
185 172
185 171
185 168
186 166
186 165
187 164
187 163
188 162
188 160
189 158
189 157
189 156
189 153
189 152
190 150
190 149
190 146
190 144
190 143
190 141
190 138
191 136
191 132
191 128
192 126
192 121
193 118
193 115
194 112
195 110
195 108
196 106
197 102
198 99
199 96
200 92
201 89
203 85
204 82
206 78
207 74
208 71
210 67
213 64
217 59
221 57
225 53
229 50
233 48
239 46
243 42
249 41
252 40
256 40
259 40
261 40
263 40
265 40
266 41
268 42
269 44
271 45
271 46
272 47
273 49
273 50
274 52
275 54
275 57
277 60
278 66
279 70
280 76
280 80
280 86
280 88
279 94
279 98
276 104
273 108
271 112
269 114
267 116
265 117
265 118
264 118
263 118
261 118
261 117
260 116
259 115
259 114
259 112
259 111
259 110
259 109
259 108
259 106
261 106
262 104
263 104
265 103
266 103
267 103
269 103
270 104
271 104
272 105
273 106
274 106
275 107
277 108
277 110
278 111
279 112
279 114
281 117
281 118
282 120
283 125
283 126
283 128
283 130
283 132
281 134
281 135
280 136
278 139
275 141
273 142
269 144
265 146
260 147
255 148
250 149
245 149
241 149
237 149
233 149
228 149
225 149
221 149
219 149
217 149
216 149
215 148
214 147
213 146
