103 232
103 231
103 229
103 225
104 222
105 215
106 206
107 197
109 190
110 182
112 175
114 167
115 160
116 153
117 148
117 144
119 140
119 138
121 136
121 134
122 132
123 130
125 128
129 123
132 120
135 116
141 111
146 104
152 100
159 93
162 91
165 88
170 84
173 83
175 82
177 81
180 80
181 80
185 80
188 80
192 81
197 82
203 82
207 84
211 86
215 88
219 92
223 94
227 96
228 98
229 100
230 101
231 102
231 104
232 105
232 106
233 108
233 110
233 112
233 113
232 114
231 115
230 116
229 117
225 118
223 120
217 123
211 127
204 130
197 132
192 136
187 136
184 138
182 139
179 139
177 139
177 138
179 138
181 138
183 138
184 138
185 138
188 139
189 140
191 142
192 144
194 145
195 146
197 148
197 151
198 152
199 154
199 155
200 157
201 158
201 159
201 160
201 161
201 162
201 164
200 165
199 165
197 166
196 166
194 166
193 166
191 166
190 166
187 166
185 166
184 165
182 165
180 164
179 164
178 164
177 162
176 162
175 162
174 162
174 161
174 160
