37 134
37 133
37 132
37 130
37 129
37 127
37 126
37 122
38 120
39 112
41 103
42 96
43 88
45 81
45 77
47 72
47 70
47 69
48 67
48 66
49 66
49 65
49 64
51 64
52 62
55 60
59 56
65 52
71 46
77 43
81 38
85 36
89 33
94 30
96 28
97 28
101 28
103 28
104 28
107 28
109 28
111 29
112 30
115 30
117 32
118 33
121 34
123 35
125 36
126 38
129 40
130 41
131 42
132 45
133 46
134 48
134 49
135 50
136 51
136 53
136 54
136 55
136 56
135 58
133 60
133 61
131 62
129 64
126 64
124 64
121 65
117 68
113 68
107 72
104 72
99 73
97 74
93 76
90 76
89 77
87 77
86 77
85 77
85 78
86 78
88 78
89 78
90 79
91 79
93 80
95 80
97 82
97 83
98 85
99 86
100 89
101 90
101 91
101 92
102 93
102 94
102 95
102 96
102 97
102 98
101 98
99 98
99 99
98 100
97 101
96 101
95 102
93 102
91 102
89 102
89 100
87 100
85 99
83 98
81 98
78 97
76 96
73 96
71 96
69 95
67 94
67 93
65 92
64 92
63 91
63 90
62 90
