142 248
142 241
143 232
144 220
146 208
148 197
149 186
153 175
155 163
157 151
160 140
165 130
168 122
172 113
176 106
181 98
188 89
193 82
199 74
207 66
213 59
222 55
231 50
239 46
245 44
254 43
264 41
272 41
279 41
284 41
289 42
293 42
296 43
297 44
299 44
299 45
299 46
300 48
300 50
299 53
297 56
295 60
288 69
280 78
271 86
265 92
257 97
251 100
247 103
244 104
242 105
241 105
240 105
239 105
239 106
241 106
242 106
243 107
244 107
245 108
245 110
247 112
247 115
248 117
248 120
248 121
248 124
248 125
248 127
247 128
246 128
244 129
240 130
235 132
227 132
219 135
209 136
200 137
192 136
187 136
181 132
179 131
177 130
175 128
173 125
173 124
172 123
172 122
