437 22
437 23
437 24
436 27
435 30
433 36
433 42
431 47
430 53
429 58
428 64
427 68
426 70
426 72
425 74
425 76
425 77
425 78
425 80
425 81
424 82
424 86
424 88
422 90
422 94
421 96
421 98
421 101
421 104
421 106
420 108
420 110
420 112
420 115
419 116
419 118
419 120
419 122
419 123
419 124
418 124
417 124
417 123
417 122
417 121
417 120
417 118
417 116
417 113
417 110
417 106
417 103
417 101
418 97
418 94
419 93
419 91
419 90
419 88
419 87
419 86
419 84
419 82
419 76
420 72
421 66
422 57
423 52
425 46
426 42
427 38
427 36
427 34
427 32
427 30
427 29
428 26
429 24
429 22
431 18
433 16
433 14
434 11
436 8
437 6
439 3
439 2
441 0
441 -2
443 -3
443 -4
444 -4
445 -4
446 -4
447 -4
448 -4
449 -4
452 -2
453 0
454 1
455 3
457 6
457 7
459 8
459 10
461 12
461 15
461 16
462 18
463 19
463 20
463 22
464 24
464 27
464 29
464 31
464 34
464 37
464 40
463 43
462 46
461 51
459 54
459 57
457 58
455 59
455 60
454 60
453 60
451 60
451 59
450 58
450 56
450 55
451 54
452 54
453 54
454 54
455 54
456 54
457 54
458 54
459 54
460 54
461 55
463 57
464 58
465 59
466 60
467 61
468 62
468 64
469 65
469 66
469 67
469 68
469 70
469 71
469 72
469 74
469 76
467 77
467 78
466 78
465 78
463 78
462 78
461 78
460 78
459 78
458 78
457 78
457 77
456 76
455 76
