398 45
398 46
398 48
398 49
397 51
397 52
397 54
397 55
397 58
396 60
395 62
395 63
395 67
394 70
393 74
391 79
390 84
389 88
389 91
388 93
387 95
387 97
387 98
387 99
387 100
386 100
386 101
386 102
386 103
385 103
384 102
384 100
384 98
384 96
384 94
384 92
384 90
385 87
385 85
386 84
386 81
386 80
387 78
387 77
387 76
387 74
387 73
387 72
387 71
387 70
388 68
388 66
389 62
390 57
391 50
395 43
395 38
397 30
397 25
398 21
399 16
400 14
401 12
402 10
402 9
402 8
403 8
405 6
408 5
413 2
417 -1
422 -2
426 -2
430 -2
433 -2
437 -2
439 -1
442 0
443 0
445 2
446 3
447 4
448 4
449 6
449 7
449 9
449 10
450 11
450 12
451 14
451 18
451 20
451 22
451 26
451 28
451 31
451 32
451 34
450 35
450 36
448 37
447 38
445 38
445 39
444 39
443 40
440 40
439 40
437 40
436 40
435 40
434 40
433 40
433 39
433 38
435 38
436 38
437 38
438 39
439 40
441 40
441 41
442 42
443 43
443 44
444 44
445 46
445 47
445 50
446 52
447 53
447 54
448 56
448 58
448 60
448 61
448 62
446 64
445 64
445 65
443 65
443 66
442 66
439 66
437 66
436 66
432 66
428 66
423 66
421 66
417 65
415 64
414 63
413 62
412 61
409 60
409 59
