30 145
30 142
30 140
30 138
30 137
30 136
31 133
31 130
32 124
34 117
36 110
37 106
39 102
39 98
40 96
41 95
41 94
41 92
41 91
42 90
43 85
46 80
47 76
49 73
51 67
57 60
61 52
63 46
63 44
65 43
65 42
65 41
66 41
66 40
67 40
68 39
69 39
71 38
72 36
75 34
80 32
83 29
88 27
93 26
97 22
99 22
101 21
103 21
105 21
106 21
107 22
108 24
109 25
109 26
109 27
111 28
111 30
111 32
111 33
111 34
112 37
112 38
112 40
112 41
112 42
112 44
112 46
112 47
112 48
112 50
112 51
112 52
112 53
112 54
112 55
112 56
111 57
111 58
110 59
109 60
107 60
106 60
103 60
101 60
99 60
98 60
95 60
93 60
92 60
92 59
90 58
89 58
88 58
89 58
90 58
91 58
93 58
94 58
95 59
98 59
99 60
101 60
102 60
104 60
105 61
106 62
108 64
109 64
111 64
112 65
113 66
113 67
113 68
114 70
114 71
115 72
115 73
116 74
116 76
116 78
116 79
116 80
116 82
116 84
115 84
115 86
113 87
113 89
112 90
111 91
109 92
107 92
106 93
105 93
103 94
101 94
99 94
98 94
97 94
93 94
92 94
91 94
89 94
87 94
86 94
85 94
84 94
82 94
81 94
79 94
77 93
75 92
74 92
73 91
72 90
71 89
71 88
69 87
