296 32
296 34
296 36
296 37
296 38
296 39
296 40
296 42
296 43
296 44
296 46
296 48
296 49
295 50
295 51
295 52
294 54
293 54
292 53
291 52
290 50
290 48
289 44
289 41
289 36
289 32
291 27
291 24
292 21
293 19
293 18
293 15
294 13
295 12
295 11
296 9
297 8
297 7
298 6
299 2
301 -1
303 -4
307 -9
308 -11
311 -14
314 -17
317 -20
320 -23
325 -25
327 -26
329 -26
332 -27
333 -27
335 -27
337 -27
338 -27
339 -27
340 -27
341 -26
341 -25
342 -22
343 -20
344 -18
344 -15
345 -12
345 -8
345 -6
347 -4
347 -1
347 1
347 2
347 4
347 6
347 7
347 9
347 10
347 14
347 16
347 18
346 21
345 24
342 29
339 32
337 37
334 40
332 42
331 43
329 44
327 45
325 46
324 46
323 47
322 47
321 47
320 47
319 47
319 46
318 46
318 45
318 44
318 43
319 43
319 42
321 40
323 38
324 38
327 36
329 36
331 35
333 35
336 35
338 35
339 35
342 37
345 38
347 40
349 42
352 45
354 48
356 49
357 51
359 54
361 56
363 59
364 62
365 65
367 68
367 70
367 73
367 76
368 78
368 80
368 82
368 84
368 86
367 88
366 90
365 92
365 94
363 95
361 96
359 98
357 98
356 98
354 98
351 98
349 98
348 98
346 96
344 96
343 96
340 96
337 96
335 95
334 94
329 94
327 94
325 93
322 93
319 92
318 92
315 92
315 91
313 91
313 90
312 89
312 88
