105 165
105 166
105 168
104 171
103 172
103 174
103 177
101 181
101 188
100 193
99 200
97 208
96 216
93 222
93 228
92 231
92 233
91 236
91 238
91 239
90 240
90 242
90 243
89 245
88 246
88 248
87 250
87 251
87 253
87 254
86 256
85 257
85 258
84 259
83 259
83 258
83 256
83 254
83 252
83 249
83 245
83 243
83 239
83 238
83 236
83 233
83 231
83 229
84 224
86 217
87 208
89 198
91 188
95 180
97 170
100 160
103 152
104 146
105 141
106 139
107 136
107 134
107 133
108 133
108 132
109 132
109 131
111 129
114 126
120 124
129 120
134 118
143 114
149 114
158 112
163 112
170 112
173 112
177 112
179 112
181 113
183 114
185 115
185 116
185 118
185 119
186 120
186 121
187 122
187 124
187 126
187 127
187 129
186 132
185 134
184 138
180 141
177 144
171 148
168 152
162 156
159 158
157 159
154 160
153 160
151 160
150 160
149 160
149 159
149 158
148 158
148 156
149 156
149 155
150 155
151 155
153 155
154 155
156 156
157 158
159 158
160 160
163 160
164 162
165 165
167 167
168 168
170 170
171 173
171 174
172 176
172 177
172 178
172 181
172 182
172 183
172 186
170 188
169 190
167 193
165 194
163 196
161 198
158 199
156 201
153 202
151 202
149 202
148 202
146 202
145 202
143 202
142 200
141 198
140 198
139 198
139 197
138 196
137 195
137 194
136 194
136 193
135 193
134 193
