238 186
238 185
238 184
237 182
237 181
237 180
237 178
238 174
239 170
239 165
239 162
240 158
241 154
242 149
243 146
243 144
245 140
246 136
247 132
249 128
251 120
253 112
256 104
259 95
261 87
263 80
266 76
268 71
269 68
270 66
271 64
272 63
273 62
274 61
275 60
277 57
279 54
285 49
288 44
295 38
299 34
305 28
311 24
315 20
317 18
321 18
323 16
324 16
325 16
327 16
329 16
331 16
334 16
338 16
343 18
349 20
355 24
363 27
367 30
372 34
374 36
377 38
377 41
378 42
379 44
380 45
380 48
381 49
381 50
381 52
381 54
381 55
381 56
381 58
379 59
378 61
377 62
375 63
373 64
368 66
361 68
353 72
345 74
337 75
331 76
327 76
321 78
319 78
315 78
313 78
311 78
310 78
309 78
307 78
307 77
309 77
310 78
311 79
313 80
314 82
317 85
320 90
322 94
325 98
325 100
327 102
327 104
328 106
328 108
328 109
329 111
329 112
329 115
329 116
329 118
329 119
329 120
328 120
328 121
327 122
326 122
324 122
323 122
321 122
320 122
317 122
315 122
310 122
307 122
301 122
298 121
295 120
291 118
287 117
284 116
282 114
281 114
277 112
276 111
275 110
274 109
273 108
272 108
272 107
