132 392
137 381
154 343
156 334
158 327
160 320
161 315
163 309
164 304
164 299
165 291
168 272
169 264
170 253
171 242
172 234
173 226
175 220
175 218
175 216
177 212
179 201
180 198
181 192
182 186
184 178
186 170
188 162
190 152
191 145
193 130
195 124
196 119
198 114
199 110
200 106
201 101
202 95
203 87
205 80
206 75
207 72
208 69
208 68
209 66
210 64
212 60
214 57
217 52
226 41
230 37
234 34
236 30
240 27
243 26
244 25
245 25
247 25
249 25
250 25
254 27
265 30
268 31
273 33
276 35
278 35
281 38
285 40
292 47
294 49
295 50
297 53
297 56
299 57
299 60
300 63
300 65
300 72
300 74
300 75
300 76
300 81
300 85
300 90
299 93
298 95
296 99
296 101
295 102
293 104
291 107
290 107
288 109
284 109
282 110
280 110
277 110
274 110
272 110
271 110
272 111
273 112
277 113
280 115
285 118
289 121
293 124
296 127
298 129
299 130
300 132
301 132
302 136
303 138
304 141
304 143
305 143
305 146
305 148
305 151
305 152
305 154
305 161
305 164
305 169
304 173
303 175
302 179
302 181
301 184
300 184
300 185
299 188
297 191
296 193
293 195
292 199
287 204
285 206
282 207
280 209
279 210
277 210
277 211
276 211
274 211
271 211
269 211
268 211
267 211
264 211
262 211
259 210
254 209
247 206
233 199
228 197
222 195
219 195
217 193
216 193
214 192
213 192
212 192
