156 271
159 259
161 248
165 238
168 226
171 214
176 202
178 191
181 180
186 169
190 158
197 145
203 134
209 124
215 114
222 107
229 102
238 95
247 91
254 87
262 84
272 84
277 82
285 82
292 82
298 82
302 83
305 84
307 84
309 84
310 85
311 86
311 87
311 88
311 89
311 90
311 91
311 94
309 102
304 110
298 124
291 133
286 140
280 146
277 150
272 152
269 154
267 155
264 155
263 155
262 155
261 155
261 154
262 154
263 154
264 154
266 154
268 155
271 158
277 160
285 166
288 169
291 172
293 176
295 178
296 180
297 182
297 184
297 186
297 188
297 190
295 190
291 193
285 196
279 200
273 202
267 206
258 208
250 210
245 210
238 210
232 210
229 210
227 210
224 209
223 208
222 207
221 206
221 205
221 204
