170 140
167 151
163 160
161 165
157 172
155 177
153 180
151 182
151 184
150 186
149 187
148 186
148 184
146 182
146 180
146 175
146 163
149 142
153 123
156 111
162 95
167 83
173 70
179 60
184 50
189 44
197 38
204 32
210 28
217 26
223 24
226 23
231 23
236 23
240 23
244 23
247 24
249 24
251 25
252 26
253 27
254 29
255 30
255 31
255 33
255 34
255 38
255 42
255 47
251 56
247 62
242 68
239 71
237 74
233 76
231 76
231 75
231 74
231 73
232 72
233 72
236 72
239 72
245 72
252 74
258 78
264 81
269 84
272 86
275 88
277 90
279 91
280 93
280 94
281 95
281 96
281 97
279 98
278 98
277 98
275 100
272 100
269 100
265 101
257 102
249 104
241 105
237 105
229 107
227 108
223 108
221 108
219 108
217 108
216 106
