27 90
27 88
27 86
27 84
27 80
27 74
28 68
29 63
30 55
32 49
34 44
36 38
37 33
39 29
39 26
41 21
43 18
45 12
49 7
53 1
57 -4
61 -10
66 -14
69 -17
71 -20
75 -21
78 -23
81 -24
83 -25
85 -25
86 -25
88 -25
90 -24
93 -22
97 -21
100 -18
102 -17
105 -14
107 -12
109 -11
110 -8
111 -6
112 -5
113 -4
113 -2
113 0
113 1
113 2
113 5
113 6
113 8
113 9
111 10
110 11
109 13
107 14
105 14
102 15
100 16
96 16
95 16
93 16
90 16
89 16
89 17
87 17
87 18
87 19
88 20
89 20
90 20
91 20
92 21
93 22
94 23
95 24
97 28
99 30
99 34
101 36
101 38
102 42
104 44
104 45
104 46
104 48
104 49
104 50
104 51
103 51
103 52
102 52
101 52
100 52
99 52
97 52
95 52
93 52
90 52
87 52
85 52
81 51
79 51
75 50
73 50
71 49
69 48
67 48
