231 184
231 182
231 175
231 168
231 163
231 158
232 151
233 144
235 136
237 126
238 116
241 108
243 101
245 96
247 88
249 83
255 76
257 68
261 62
265 55
270 49
275 44
278 42
283 38
286 36
292 34
294 34
298 34
302 34
307 34
311 35
317 36
320 38
322 40
327 42
330 43
333 46
336 50
339 53
341 55
343 58
343 60
344 61
344 62
345 64
345 65
345 66
345 67
344 68
343 70
339 70
337 72
334 73
329 73
323 74
319 75
315 75
313 75
311 75
310 75
309 75
307 75
309 75
311 76
312 77
313 78
317 79
318 80
319 82
321 85
325 88
326 92
328 96
329 99
329 102
329 104
329 105
329 106
329 108
329 110
329 111
329 112
328 114
327 115
325 116
322 118
319 119
318 120
314 120
312 120
310 120
307 120
305 120
304 119
303 118
299 116
298 112
297 110
295 106
291 104
291 101
289 100
