269 156
269 154
269 151
271 148
271 145
271 142
272 140
273 135
275 132
275 129
277 126
279 122
281 116
282 110
283 105
286 98
288 93
290 88
293 82
297 76
300 70
303 65
307 59
309 56
312 51
316 47
319 42
321 39
325 36
327 33
329 31
333 29
335 27
337 25
341 24
343 24
346 23
350 23
353 23
357 23
361 23
365 24
369 25
372 26
374 26
376 28
377 29
380 30
381 32
382 32
383 34
383 36
383 37
384 38
384 40
385 42
385 44
385 46
386 48
386 50
386 52
385 53
385 54
385 57
384 58
383 60
381 61
380 62
377 64
373 66
369 68
365 68
361 69
358 70
355 72
352 72
351 72
349 72
348 72
346 72
345 72
344 72
343 72
344 72
345 72
346 72
347 72
349 72
350 73
351 74
352 75
353 76
355 78
355 80
356 82
357 84
357 88
359 90
359 91
359 94
359 95
359 98
359 100
359 102
358 102
357 103
356 104
354 104
353 104
352 104
351 104
349 104
346 102
345 102
343 102
339 102
338 101
335 101
332 100
330 100
328 100
325 98
323 98
322 98
321 98
320 97
319 97
318 96
318 95
