201 232
200 232
199 232
198 232
198 233
196 234
196 235
195 235
194 236
194 238
192 239
190 241
188 242
187 244
186 246
185 248
183 250
182 252
181 253
180 255
180 256
179 260
178 262
178 263
178 266
178 268
178 271
178 275
178 278
178 282
178 285
179 290
180 293
181 296
182 299
184 300
184 302
185 303
186 305
187 306
188 306
190 306
191 306
192 306
194 306
195 306
198 306
201 305
207 302
216 300
226 296
237 292
243 288
249 285
252 282
255 280
256 278
257 276
257 274
257 273
257 272
257 270
257 268
256 268
256 266
254 265
253 264
252 263
252 260
250 258
248 256
245 250
244 247
240 239
237 230
234 220
232 214
230 208
229 202
227 199
226 194
226 193
225 192
224 190
224 189
224 188
224 187
224 186
224 185
224 184
224 182
225 180
228 176
231 172
236 166
244 161
250 154
254 151
260 148
264 144
267 142
270 142
271 141
272 140
272 141
