389 278
387 280
383 283
381 286
379 288
377 291
377 295
373 300
373 304
373 307
372 312
372 316
372 318
372 322
372 324
372 326
372 328
372 330
373 332
373 334
375 336
376 337
377 339
379 341
381 342
383 343
386 344
388 346
391 346
393 348
397 348
399 349
401 349
405 349
407 349
411 348
415 346
423 344
427 340
432 337
435 334
439 332
441 330
442 328
443 326
443 325
443 324
443 322
443 320
443 319
443 318
442 315
442 314
441 314
440 313
439 312
438 308
435 304
432 299
429 294
427 288
425 284
422 279
419 276
417 272
415 269
415 268
413 264
412 263
411 262
411 261
410 260
410 258
409 256
409 254
409 249
409 245
409 240
408 236
408 230
408 224
408 222
409 214
410 210
412 204
413 202
415 200
415 197
416 196
417 196
418 195
419 195
419 194
421 194
421 195
421 196
421 197
