197 213
194 220
190 226
187 233
185 240
184 247
181 253
181 261
180 266
180 270
180 275
180 277
180 279
181 281
182 283
183 284
184 286
187 286
189 287
193 290
198 290
205 290
213 290
223 289
233 286
244 285
255 282
263 278
271 273
275 270
281 265
285 260
289 254
290 251
291 247
292 244
292 242
292 238
291 234
289 228
289 220
285 211
282 202
279 194
273 183
269 176
263 167
257 158
250 151
246 145
241 139
237 136
234 133
232 130
231 127
229 126
227 122
226 121
225 120
225 118
224 115
223 112
223 107
223 103
223 94
225 88
230 76
234 68
241 59
246 52
253 44
257 41
263 37
267 33
271 31
273 30
276 29
279 28
280 28
281 28
282 28
283 28
285 28
286 28
287 28
287 29
287 30
