371 188
370 190
365 192
363 196
361 198
357 200
355 204
354 207
352 209
351 214
349 216
348 220
348 222
347 223
347 224
347 228
347 229
347 230
347 232
347 234
347 235
347 236
348 236
349 236
351 238
353 238
354 241
356 242
359 243
360 244
362 244
365 245
367 246
369 248
372 248
375 248
379 246
383 246
388 244
391 242
395 241
397 240
400 238
402 235
405 232
406 231
406 230
407 229
407 228
407 227
407 226
407 224
407 223
407 222
407 221
406 219
405 218
405 217
404 214
403 209
400 204
398 198
396 190
394 186
391 182
391 180
390 179
389 178
388 176
387 176
387 175
387 174
385 174
385 173
384 172
383 170
383 168
382 164
381 160
380 153
380 149
379 144
379 140
379 139
379 136
379 134
380 132
381 132
382 131
383 130
384 130
385 130
385 129
386 129
387 128
388 128
389 128
389 127
390 126
391 126
