315 73
313 75
311 80
307 84
304 92
302 97
299 104
297 110
295 115
294 119
293 121
293 122
293 126
293 128
293 129
294 130
295 130
295 132
297 133
298 133
299 133
299 134
301 134
302 134
306 134
309 134
314 134
319 134
325 134
331 132
335 132
339 129
341 128
344 126
347 124
349 123
350 120
351 119
351 118
353 116
353 114
353 113
353 112
353 111
353 110
353 108
353 107
353 105
353 104
352 102
351 98
351 96
349 88
347 83
347 78
345 75
343 73
343 69
343 66
342 65
342 63
341 61
341 60
341 59
341 58
341 57
341 56
341 55
341 54
341 53
341 52
341 50
341 47
341 43
343 38
343 34
346 30
348 26
350 22
352 20
354 18
355 16
357 15
357 14
358 14
359 14
360 14
361 14
