448 349
446 349
444 349
442 350
439 350
437 350
435 351
434 352
433 353
431 354
429 356
427 356
427 358
425 360
425 363
424 364
424 366
423 368
423 370
423 373
423 376
423 380
423 384
423 390
423 395
423 398
423 400
423 403
424 404
425 405
425 406
426 406
426 407
428 408
429 408
430 408
431 408
432 408
433 408
434 408
436 408
439 408
443 408
447 406
450 406
452 405
456 405
459 404
460 404
461 403
463 402
465 400
467 398
468 395
471 392
473 388
475 382
478 379
483 373
485 368
487 364
490 362
491 359
492 357
493 356
493 354
493 353
494 352
494 351
495 351
495 350
495 349
495 348
494 348
493 347
492 346
491 346
489 346
489 345
488 345
488 344
487 344
487 342
484 340
481 337
478 334
477 331
475 330
473 328
471 326
469 323
467 320
465 318
464 316
462 314
461 312
459 311
459 308
458 307
458 306
457 306
457 305
457 304
457 303
457 302
457 301
457 298
459 290
464 279
466 271
469 264
469 262
471 260
472 258
473 257
473 256
