251 279
252 275
252 272
252 269
251 265
251 263
249 262
249 261
248 260
246 259
245 259
241 260
237 260
235 261
234 261
232 262
229 265
226 266
225 267
224 267
223 268
219 273
217 276
214 281
211 285
208 291
204 297
202 303
199 309
196 317
193 323
192 332
191 337
190 344
190 346
190 349
190 350
190 352
191 352
192 354
195 357
201 363
207 367
212 371
218 374
225 377
236 380
237 380
238 380
242 379
245 379
248 379
249 378
251 377
254 375
263 367
268 362
272 358
273 355
275 353
279 348
284 338
287 327
293 315
298 301
309 258
311 245
311 236
311 228
311 223
310 217
309 210
307 206
306 200
305 189
305 186
305 184
304 181
304 177
304 176
304 174
304 170
304 166
304 163
305 156
306 152
306 147
307 142
308 139
311 133
314 127
316 123
317 121
323 114
325 111
328 109
330 107
332 106
334 105
336 105
337 104
339 104
341 104
343 104
345 104
351 104
354 105
358 105
361 106
364 106
366 107
367 107
368 107
367 107
