127 99
125 100
124 104
122 108
121 110
119 114
118 119
117 124
117 128
116 132
116 137
116 141
116 143
116 144
116 146
116 147
116 148
117 149
117 150
118 150
119 150
120 151
121 152
121 153
121 154
122 154
123 154
124 154
125 155
127 155
128 155
129 155
131 155
133 155
135 154
137 152
140 151
143 150
147 148
150 145
154 142
157 140
159 138
160 137
161 135
161 134
161 133
163 132
163 131
163 130
163 128
163 127
163 126
163 125
163 124
163 122
162 121
162 120
161 119
161 118
160 116
159 116
158 114
157 113
155 111
154 108
152 105
151 103
149 101
147 98
145 94
143 91
142 89
139 86
139 84
138 83
138 82
137 79
137 78
136 78
135 77
135 76
135 75
135 74
135 72
136 70
137 70
137 68
138 67
139 66
140 64
141 64
143 63
144 61
145 59
149 58
151 56
153 53
155 52
156 51
157 50
158 50
159 50
