408 118
405 120
401 122
397 124
392 128
389 130
385 135
382 139
380 144
379 149
377 154
376 156
375 159
375 161
375 162
375 164
375 165
375 166
375 167
377 168
378 168
379 169
380 170
381 170
383 170
384 170
385 170
387 170
390 170
393 170
400 169
405 166
413 162
420 160
425 157
429 153
431 152
433 150
435 149
435 148
435 146
435 145
435 144
435 143
435 141
435 140
435 138
434 138
433 138
433 137
433 136
432 136
431 135
431 134
430 133
429 132
427 130
426 128
425 126
422 125
420 124
419 122
417 121
415 120
414 118
413 116
411 115
410 114
409 112
407 111
406 106
405 104
403 101
402 97
401 94
401 92
401 90
401 88
401 87
401 85
401 84
401 82
401 81
402 78
403 76
405 75
406 74
408 72
409 70
412 68
413 68
415 66
417 65
422 62
424 60
425 59
429 58
431 57
