257 181
253 182
249 184
247 186
243 190
241 192
239 194
238 196
237 198
235 200
235 201
235 203
234 206
234 208
234 214
234 221
234 227
234 234
235 237
237 241
237 244
238 245
240 248
241 248
242 250
244 250
245 250
247 250
249 250
253 250
257 250
265 245
274 238
283 230
293 220
299 212
306 204
313 196
317 192
318 187
319 184
321 182
322 180
322 178
322 177
322 176
321 174
320 173
319 173
319 172
318 172
317 171
316 170
314 168
313 167
312 164
309 159
308 157
305 154
303 151
301 149
300 146
299 144
298 143
297 142
297 141
296 141
296 140
295 138
295 136
295 135
295 133
295 131
296 128
298 125
301 120
305 114
307 111
313 105
318 100
323 95
328 92
333 90
336 87
339 86
341 86
342 85
343 85
