180 248
174 257
167 266
161 277
156 288
152 299
149 308
147 314
147 319
147 322
147 323
147 325
147 328
148 330
150 332
151 334
154 336
155 337
157 339
159 340
162 342
165 342
168 342
172 343
175 344
179 344
184 344
188 344
193 342
198 341
204 337
207 335
212 332
214 330
217 326
219 324
221 322
221 319
222 317
222 314
223 312
223 310
223 308
223 306
222 304
222 302
221 300
221 297
219 292
217 287
215 278
212 273
210 267
207 262
205 256
205 254
203 252
203 250
202 249
201 248
199 246
199 245
199 243
198 240
197 236
197 229
197 226
197 222
197 219
197 216
197 212
197 206
197 202
199 196
199 193
201 188
202 187
203 185
204 184
205 183
209 180
212 178
218 175
224 171
232 166
241 161
249 157
253 154
257 150
261 148
263 146
264 146
264 145
265 145
266 145
265 145
