283 259
275 266
269 274
264 280
261 287
257 292
255 298
254 304
253 308
252 312
251 315
251 318
251 322
253 326
254 330
256 334
258 339
261 342
263 343
269 347
272 348
279 350
283 350
289 352
295 352
299 352
304 352
308 351
314 350
319 348
325 342
333 336
340 327
347 317
355 307
359 300
363 294
365 290
366 286
366 284
367 282
367 280
367 279
366 278
365 276
363 274
363 273
360 270
357 266
353 262
347 256
343 250
336 245
330 238
327 235
323 230
320 228
319 226
317 223
316 222
315 220
314 219
313 216
313 215
313 214
313 213
313 210
313 207
313 204
315 199
317 192
320 188
324 179
329 169
335 159
341 152
345 144
349 140
352 136
353 135
355 134
355 132
356 132
356 134
