229 204
222 210
215 215
208 222
202 228
197 237
191 244
188 250
185 256
183 261
183 265
183 267
183 268
183 272
184 274
185 274
186 274
187 275
189 277
193 278
197 278
205 278
214 278
222 278
229 275
236 273
243 272
247 270
251 268
253 266
257 265
258 263
259 262
260 260
261 258
261 256
261 255
261 254
261 252
261 250
261 248
261 247
261 245
260 244
259 241
258 238
257 234
254 228
251 222
249 215
247 210
243 207
242 202
240 199
239 196
236 194
235 190
234 188
233 183
232 180
232 174
231 171
231 167
231 164
231 161
231 159
231 157
231 154
231 152
233 149
233 146
237 144
240 140
243 134
246 130
249 126
251 124
255 119
259 115
263 110
267 106
271 104
276 99
279 98
283 96
284 94
285 92
286 92
287 92
