120 266
119 266
118 266
116 268
113 268
109 271
103 275
100 276
95 279
91 283
90 284
88 286
87 288
85 290
84 292
83 294
83 295
83 297
83 300
83 302
83 306
83 310
83 314
83 317
83 319
83 322
83 324
83 325
83 328
83 329
85 331
85 332
87 334
87 336
89 338
91 339
92 340
93 342
95 342
97 343
98 343
99 344
101 344
103 344
105 344
107 346
111 346
113 345
117 344
121 344
126 342
129 339
135 336
139 334
145 330
150 327
155 324
162 319
167 316
171 311
176 308
178 306
180 302
181 300
182 299
183 298
183 296
183 294
183 293
183 292
183 291
183 290
183 288
182 288
182 287
181 286
180 286
180 284
179 283
179 282
178 281
177 280
176 280
174 278
173 276
171 274
169 272
167 268
165 264
163 261
162 258
161 256
159 253
158 252
157 250
157 249
156 248
156 247
155 246
155 244
154 239
152 234
151 230
151 226
150 216
150 206
150 199
150 195
150 192
150 191
150 190
150 189
151 189
152 188
153 187
154 186
156 184
163 176
171 166
177 156
183 148
189 140
193 134
195 130
196 129
197 128
