291 182
291 181
291 180
290 179
289 178
289 176
288 175
287 174
285 174
283 172
282 172
279 170
276 170
273 169
269 169
267 169
265 169
261 169
260 169
258 169
255 172
253 172
251 174
249 176
247 180
244 183
241 188
237 194
234 203
229 212
225 219
223 225
221 230
220 235
217 241
217 243
216 247
215 250
215 252
215 254
215 256
215 257
215 258
216 260
216 262
217 263
218 265
219 267
220 268
221 269
223 270
225 272
227 274
229 276
231 276
235 277
237 278
240 278
243 278
245 278
247 278
250 278
253 278
256 278
259 278
265 276
269 272
274 268
278 264
281 261
284 257
287 252
289 250
289 248
290 246
290 244
291 242
291 241
291 238
291 237
291 235
292 230
293 225
294 218
296 212
296 207
298 203
298 200
298 198
298 194
298 192
298 191
298 190
298 189
297 188
297 187
297 182
297 176
297 166
297 152
297 144
297 138
297 132
297 130
297 129
297 128
297 126
297 125
297 124
299 122
300 117
302 115
303 110
306 109
307 108
308 107
309 106
311 106
313 104
314 104
315 104
317 103
320 103
321 103
322 103
323 103
324 103
325 103
