239 134
237 136
233 141
229 146
225 152
222 156
219 161
217 164
217 170
215 174
215 178
213 184
213 188
213 192
215 195
215 197
215 198
216 200
217 201
218 202
219 202
220 202
222 202
223 202
226 202
233 202
241 199
253 196
265 193
275 191
282 187
287 184
291 182
293 181
295 178
297 177
297 176
298 175
298 174
298 172
298 171
298 170
297 169
296 168
295 167
295 166
294 165
293 164
291 162
289 158
286 154
283 148
280 143
279 137
277 134
275 130
273 128
272 125
271 124
271 123
271 122
270 122
270 121
270 120
270 119
270 118
270 116
270 112
271 107
271 98
275 90
277 82
277 76
279 69
281 66
282 63
283 62
284 61
285 60
286 60
287 59
287 58
289 58
290 58
291 58
292 58
