295 208
294 208
292 208
288 208
285 208
281 209
277 210
272 212
269 214
266 216
262 217
261 218
259 219
258 220
256 221
256 222
255 223
255 224
254 226
253 227
253 229
253 232
253 234
253 236
253 239
251 241
251 245
251 249
251 254
251 262
251 270
251 279
251 286
251 290
251 295
251 297
251 300
251 301
251 302
252 303
253 304
254 304
255 306
256 306
257 306
259 307
260 307
264 308
266 308
271 308
275 308
280 308
284 308
288 308
291 308
293 308
295 308
298 308
299 308
302 307
303 306
305 305
305 304
306 303
307 301
307 300
307 297
307 296
307 293
307 290
307 288
307 286
307 284
307 282
307 280
307 278
307 276
307 274
307 272
307 268
307 265
307 260
308 256
308 250
309 247
309 243
309 240
309 237
309 236
309 233
309 232
307 229
307 227
307 224
306 219
305 215
304 210
303 202
302 196
301 191
301 187
301 186
299 184
299 182
299 180
299 179
299 178
298 177
298 173
298 170
298 167
298 163
298 161
298 160
298 158
298 157
299 156
300 156
301 156
302 156
303 156
307 156
308 155
309 154
311 154
