206 214
196 221
187 230
179 236
172 245
165 254
157 266
152 277
147 288
144 296
143 302
141 308
141 311
141 315
141 317
141 321
141 324
142 326
144 327
145 329
149 331
152 332
157 334
167 338
177 338
187 339
195 339
205 338
213 335
221 332
230 326
240 320
246 314
253 308
259 302
261 299
263 294
263 292
264 290
264 286
263 283
263 280
262 278
261 276
260 272
256 268
253 262
247 256
241 248
237 241
232 234
227 224
223 216
219 210
217 206
215 202
214 200
213 197
212 195
211 194
211 192
211 191
211 189
211 187
211 184
212 178
214 172
217 163
223 154
227 144
232 135
237 129
242 124
247 121
251 118
254 116
256 114
259 113
261 111
263 110
264 110
266 110
267 110
268 110
269 110
270 110
