367 176
361 179
356 184
350 186
345 190
341 196
337 200
333 205
330 208
327 213
327 216
325 220
324 222
323 224
323 227
323 229
323 231
323 234
323 237
323 240
324 242
324 244
326 247
327 251
329 256
331 264
333 271
335 276
337 279
337 281
339 282
339 283
339 284
340 285
341 285
342 285
343 285
345 285
346 285
347 285
350 285
351 285
355 284
357 283
360 282
364 281
367 279
372 275
377 272
383 270
387 266
392 263
394 261
397 260
399 259
399 257
401 256
401 255
401 254
402 254
402 252
403 251
403 250
403 248
403 247
403 245
403 244
403 241
403 239
403 235
403 231
403 226
401 220
401 216
400 211
399 209
399 207
396 204
395 202
395 199
394 198
393 195
391 192
391 190
388 185
387 180
387 176
385 172
384 170
383 166
382 164
381 161
381 159
380 157
379 156
379 154
379 153
379 152
379 150
379 147
379 143
379 140
379 138
379 136
381 133
381 132
381 131
382 130
383 129
384 129
385 129
385 128
385 127
387 126
388 125
389 123
390 122
391 120
392 119
395 118
396 116
397 113
398 112
399 111
399 110
401 110
