289 257
284 257
280 257
275 257
269 257
265 258
260 259
255 261
253 262
252 263
250 264
248 266
247 268
245 268
245 270
244 272
243 273
242 274
242 276
241 277
241 280
241 282
241 286
241 288
241 291
241 295
241 298
243 302
243 304
244 307
245 310
245 312
246 314
247 316
249 318
249 320
251 322
253 322
253 324
255 325
256 325
258 326
261 326
263 326
267 328
270 328
274 327
277 327
280 326
283 325
285 322
288 320
291 318
294 313
299 308
303 301
307 294
310 288
312 280
314 276
318 269
320 263
323 256
327 248
331 238
333 230
336 222
338 219
339 216
339 213
339 212
339 210
339 209
339 208
337 207
336 206
335 206
334 204
333 202
331 200
328 197
327 194
322 191
319 189
317 184
315 182
313 180
312 175
311 174
310 172
309 170
309 168
309 165
309 163
309 162
309 160
309 159
309 158
310 156
311 154
315 148
321 142
327 133
333 123
341 114
350 108
356 103
361 100
364 98
366 96
367 96
368 96
369 96
369 98
