379 34
373 33
368 32
364 32
361 32
357 32
355 32
353 32
349 33
347 34
345 34
342 35
341 36
338 39
337 41
335 43
333 46
332 48
330 53
329 59
329 62
329 66
327 70
326 75
326 78
326 80
326 83
327 85
327 86
329 88
329 90
331 91
333 92
335 94
338 94
340 97
343 97
345 98
347 98
349 98
351 98
354 98
357 98
358 98
359 98
360 98
361 98
362 96
362 95
362 94
361 94
360 94
359 94
357 94
355 94
352 95
348 97
343 100
337 104
333 108
327 112
324 116
321 120
318 123
316 128
315 130
314 132
313 135
311 137
311 140
311 146
311 151
311 155
311 162
311 165
311 169
311 172
311 173
311 176
312 176
313 177
314 178
315 178
316 178
319 178
321 177
323 176
329 174
333 172
339 170
345 167
350 162
355 160
360 158
365 155
368 154
370 152
373 152
374 152
374 151
375 151
375 150
