309 106
309 104
308 104
307 103
307 102
306 101
305 100
305 99
303 98
301 96
300 95
299 94
298 93
296 92
295 91
293 91
292 90
290 90
289 90
286 90
285 90
283 90
281 91
280 92
279 94
278 95
276 97
275 98
274 100
273 104
271 107
267 110
266 113
265 115
262 120
259 122
259 124
257 127
257 130
255 135
254 138
253 140
253 143
253 144
253 146
253 147
253 148
253 149
253 150
254 150
255 151
256 152
257 152
259 152
260 152
261 153
263 155
264 156
267 156
269 158
271 159
273 160
276 160
277 161
279 161
280 162
281 162
283 162
284 163
287 163
288 163
289 163
290 163
291 164
295 164
296 164
297 164
298 164
299 164
300 164
301 164
300 164
299 164
297 164
296 164
295 164
291 165
289 166
284 167
281 170
275 172
270 175
264 178
260 183
258 185
255 189
253 192
251 194
249 198
248 200
247 202
247 205
247 207
247 209
247 213
247 215
247 220
247 224
247 228
249 233
250 238
251 240
253 242
254 244
254 245
256 246
257 246
258 246
259 246
261 246
263 246
264 245
267 242
271 241
274 239
280 236
285 231
292 228
298 226
304 222
310 220
314 218
319 216
321 213
323 212
326 211
327 210
328 209
