328 51
327 50
326 49
325 49
323 48
322 48
321 48
320 48
319 48
317 48
316 48
315 48
313 48
312 50
310 50
307 51
306 53
303 54
302 54
300 56
299 56
299 57
297 58
296 58
294 60
293 61
293 62
292 63
290 64
289 66
289 67
288 68
287 70
287 72
287 74
286 76
285 78
285 80
285 82
285 83
285 84
285 86
285 88
285 89
285 90
285 91
285 92
285 93
285 94
286 94
287 95
287 96
289 96
290 97
291 98
292 98
293 99
294 100
295 100
297 100
297 101
298 101
299 101
302 102
305 102
307 102
309 102
312 103
314 103
315 103
318 103
319 103
320 103
321 103
323 103
325 103
327 103
329 103
329 102
330 102
330 101
330 100
329 98
328 98
327 98
325 98
323 98
322 98
320 98
319 99
315 99
314 100
313 100
311 101
309 102
308 104
307 104
306 106
305 108
303 109
301 110
299 114
297 118
293 125
290 130
288 136
284 140
283 145
281 147
281 151
279 153
279 154
278 156
278 158
277 159
276 160
276 161
276 162
276 164
276 165
276 166
276 167
276 168
277 168
278 168
279 170
280 170
281 170
282 170
284 170
285 171
287 172
289 172
293 174
297 174
301 176
307 179
313 181
318 182
323 183
328 183
332 183
336 183
339 183
344 183
349 182
353 181
357 179
360 178
361 176
363 175
364 174
365 174
365 173
365 171
365 170
364 170
