415 130
414 129
410 128
407 127
405 126
400 125
397 124
393 123
389 122
385 122
382 122
377 123
372 125
367 126
363 128
361 129
357 132
355 134
354 135
353 138
351 140
350 143
350 147
349 150
349 153
347 157
347 160
346 162
346 164
346 166
346 167
346 169
346 170
347 170
347 171
348 172
349 172
351 173
355 174
359 176
363 178
368 180
371 181
377 182
381 182
387 182
390 183
394 183
398 183
400 183
403 183
405 183
406 183
407 183
409 183
410 183
411 183
411 182
410 182
409 182
407 182
404 182
402 182
398 182
393 183
387 185
378 190
369 194
363 200
356 205
350 211
346 214
343 219
341 223
339 226
337 228
337 230
337 234
337 235
337 237
337 241
338 244
339 247
341 253
343 256
346 261
347 264
351 268
353 270
357 272
360 275
363 277
365 278
369 278
371 278
373 278
377 278
381 278
388 276
395 273
401 270
409 267
413 263
417 260
420 258
423 254
427 251
430 248
