111 45
111 44
110 44
109 43
108 43
107 43
106 43
105 43
104 42
103 42
101 42
99 42
98 42
97 42
96 42
95 42
94 42
93 42
92 43
91 43
90 44
89 44
88 44
87 45
85 45
85 46
84 46
83 46
82 46
81 46
81 47
80 47
79 48
78 48
78 49
77 50
77 51
76 52
75 53
75 54
75 55
75 56
75 58
75 59
75 60
75 62
75 64
75 66
75 68
76 68
76 70
76 71
77 72
77 73
77 74
78 74
78 76
79 76
80 77
80 78
81 78
83 79
84 80
85 80
87 81
89 82
91 84
92 84
94 84
97 85
99 86
101 86
105 86
107 86
108 86
110 86
111 86
112 86
113 86
114 86
115 86
116 86
116 85
115 84
114 84
112 84
111 84
109 84
107 84
104 84
99 86
92 86
87 88
79 92
71 94
66 98
61 99
57 103
53 104
51 106
50 108
49 110
49 112
49 113
49 114
49 116
49 119
49 120
49 122
49 124
50 126
50 127
51 129
51 132
51 133
52 135
53 138
54 140
54 142
56 144
57 146
57 148
58 148
59 148
59 149
61 149
62 149
63 149
65 149
69 149
73 149
79 147
87 145
93 144
102 141
110 140
115 139
121 139
127 138
129 138
134 137
137 136
138 136
141 136
143 136
145 135
148 135
149 134
150 134
151 134
151 133
153 133
154 133
