443 239
439 238
437 238
435 238
432 237
429 237
427 236
425 236
422 236
419 236
417 236
415 236
413 237
410 238
409 238
407 240
404 242
403 243
401 245
399 248
397 250
395 252
394 254
393 256
391 257
390 258
390 259
389 261
389 262
389 263
389 264
389 265
389 266
389 267
390 268
391 268
393 268
394 268
395 268
398 268
401 269
405 270
412 270
419 270
424 270
429 270
434 270
437 270
438 270
439 270
441 270
442 269
443 269
441 269
440 269
439 269
437 269
435 269
433 269
431 270
427 271
422 272
417 276
414 276
412 278
407 280
404 284
400 288
397 290
394 295
390 298
389 302
388 304
387 305
387 306
387 309
387 310
387 311
387 312
387 314
387 315
387 316
387 317
387 318
387 319
388 320
389 322
391 324
393 325
394 326
395 327
397 327
399 329
400 329
403 328
407 328
413 327
423 326
432 324
439 323
447 321
453 320
457 317
459 316
464 316
465 315
466 315
467 315
