353 126
351 125
350 124
348 124
345 123
343 121
338 121
333 121
329 121
324 121
320 121
315 122
311 124
308 125
305 126
302 128
300 130
299 132
295 135
293 140
291 144
290 149
288 152
287 156
287 158
286 160
286 164
286 165
286 166
286 169
286 170
287 170
287 171
288 172
289 172
290 172
291 172
291 173
293 173
297 174
300 174
305 176
309 176
314 178
318 178
321 178
323 178
325 178
327 178
328 178
329 178
330 177
330 176
330 175
330 174
329 174
327 174
325 174
322 174
317 174
311 174
303 176
297 182
291 184
284 189
278 193
274 196
271 201
268 205
266 210
265 214
265 216
265 220
265 222
265 225
266 227
267 229
270 232
272 235
276 240
281 244
290 254
296 258
303 264
311 268
317 271
323 273
330 274
336 274
343 274
349 274
353 274
358 272
361 269
