427 237
425 236
422 236
421 236
419 236
415 235
413 235
409 235
405 235
403 235
399 235
397 235
394 235
391 235
390 235
389 236
388 236
386 237
386 238
385 238
385 239
385 240
385 241
385 242
385 244
385 246
385 248
385 250
387 253
388 256
389 260
389 262
390 264
391 265
391 268
393 269
395 271
396 272
397 274
399 276
401 276
403 276
404 277
405 277
406 277
408 277
409 277
410 277
411 277
412 277
413 277
414 277
413 277
412 277
411 277
410 277
408 277
405 278
402 278
396 280
391 283
383 286
379 288
375 292
373 293
370 294
369 296
367 298
367 300
367 301
367 302
367 303
367 306
369 308
369 312
372 316
373 321
375 326
375 329
377 332
379 333
380 335
381 336
383 336
384 337
387 338
389 339
391 339
393 339
396 339
398 339
400 338
405 336
408 333
413 328
415 326
420 323
423 320
426 317
427 316
429 314
430 312
431 312
431 311
