269 105
269 104
268 102
267 102
266 101
265 101
264 100
263 100
262 100
261 99
259 98
254 98
251 98
247 96
245 96
241 96
239 96
237 96
235 96
233 96
232 97
231 98
229 98
229 99
227 100
227 102
226 104
225 106
225 108
225 109
224 112
223 114
223 117
223 119
221 122
220 126
219 130
218 134
217 141
217 146
215 150
215 153
215 156
215 159
215 160
215 161
215 162
215 164
216 164
216 165
217 166
219 166
220 166
221 166
223 167
225 168
227 168
229 169
231 170
233 172
235 172
236 172
237 172
239 172
240 172
241 172
242 172
243 172
242 172
241 172
238 172
237 172
235 172
233 172
231 172
227 173
222 174
217 174
211 176
207 179
203 182
199 184
196 186
194 188
193 191
191 192
191 196
190 198
190 199
190 201
190 204
191 207
192 210
194 214
195 216
197 219
198 220
199 223
200 224
201 226
201 227
203 228
205 229
205 230
207 232
207 233
209 234
211 235
212 236
214 236
216 238
220 238
223 240
229 241
233 241
240 241
247 241
253 240
262 236
269 234
275 232
281 228
288 226
293 223
297 222
299 218
302 217
302 216
302 215
