435 364
433 364
432 362
431 362
427 362
426 362
424 361
423 361
421 360
419 360
418 360
416 360
413 360
412 361
411 362
409 363
407 364
407 365
405 366
403 369
403 370
402 372
402 374
401 376
400 377
400 380
399 382
399 384
399 386
399 388
398 390
398 391
398 392
398 394
398 396
399 396
399 397
401 397
401 398
402 398
403 398
404 398
405 398
409 400
410 401
412 402
414 402
416 402
419 402
420 402
422 403
423 403
424 403
425 403
426 403
427 403
427 404
426 404
425 404
423 404
423 405
422 406
419 408
415 410
411 414
405 418
401 421
398 425
396 427
393 430
391 431
389 434
389 436
388 437
387 438
386 438
386 440
386 441
387 442
388 442
389 442
389 443
390 443
391 444
393 444
395 444
398 446
401 448
405 448
406 448
409 448
411 448
413 448
417 448
420 448
425 447
430 444
435 442
441 438
446 435
451 432
454 430
455 428
459 425
459 423
461 422
