256 117
250 117
243 120
235 123
226 128
217 132
209 137
204 141
198 145
193 149
190 152
186 156
184 158
181 160
179 162
177 166
177 168
175 172
173 175
173 178
171 184
170 190
169 195
169 200
169 205
169 210
169 213
169 217
170 220
171 221
172 223
174 224
176 226
177 226
179 228
182 230
184 232
186 234
189 235
191 236
193 236
196 236
197 236
198 236
199 236
200 236
201 236
202 236
202 235
202 234
201 234
199 233
198 233
197 233
195 233
192 233
189 235
183 238
177 242
173 246
166 252
161 256
156 262
153 265
151 270
150 272
148 274
147 278
147 279
147 280
147 282
149 284
150 284
151 286
154 286
157 288
160 290
165 292
169 294
176 294
182 296
190 295
199 294
211 290
223 288
232 284
242 281
249 278
255 276
259 275
262 274
265 274
267 273
268 273
269 272
