361 27
360 27
359 27
357 26
355 26
353 26
351 26
347 26
344 27
339 27
334 29
328 31
325 32
321 34
317 36
315 38
311 40
310 42
309 44
307 47
306 48
305 50
304 53
304 54
303 56
303 57
303 59
303 60
303 62
303 65
304 66
305 66
307 67
308 69
311 70
312 72
316 75
319 78
323 81
327 83
331 86
335 87
338 90
341 91
343 92
345 92
348 93
349 93
350 93
351 93
351 92
352 91
352 90
352 89
352 88
351 88
350 88
349 88
346 88
344 88
343 88
340 88
337 90
333 92
327 96
321 101
314 106
308 112
303 119
297 126
295 133
292 138
289 145
287 152
286 156
285 162
285 166
285 170
286 172
286 174
287 176
289 177
290 178
291 178
292 178
293 178
295 178
297 178
298 178
299 176
301 175
305 174
308 173
314 172
318 172
325 171
330 171
333 171
337 170
340 170
343 170
345 170
347 170
348 168
349 168
