181 25
180 24
179 24
173 24
171 24
167 24
163 24
157 24
151 24
146 24
143 25
140 26
137 26
135 27
131 28
130 30
129 32
127 34
125 35
123 38
123 39
122 41
121 43
121 46
119 48
119 50
118 51
118 52
118 56
118 57
119 58
119 60
119 62
121 63
121 64
122 66
124 67
126 70
129 72
131 75
133 78
137 81
142 84
147 88
151 90
157 92
163 93
166 95
168 96
171 96
173 96
174 96
175 96
175 94
175 93
174 92
173 92
169 92
168 92
165 92
161 93
155 95
147 98
139 100
133 103
126 107
121 110
117 112
111 116
109 119
107 122
105 124
104 127
103 128
103 130
103 132
103 134
103 136
103 140
105 144
106 150
107 154
108 159
110 164
111 168
118 173
122 179
129 186
138 194
147 201
154 205
161 208
169 210
173 211
181 211
186 210
189 210
193 209
195 209
198 206
200 206
201 205
203 204
