425 338
425 336
424 336
423 336
423 335
422 335
421 334
419 334
418 333
417 333
415 332
413 332
411 332
409 332
407 332
405 332
403 332
401 333
399 334
397 335
396 336
395 338
391 339
391 340
389 342
389 343
387 344
387 348
386 349
383 351
383 352
383 356
382 358
382 359
382 362
382 364
382 366
382 369
382 372
382 374
382 376
382 378
382 380
383 380
383 382
385 382
386 382
387 382
388 382
389 382
392 382
393 382
395 382
396 382
398 382
399 382
401 382
402 382
404 382
405 381
407 381
409 380
410 380
411 380
412 380
413 380
413 379
414 379
415 379
415 378
416 378
417 378
415 378
414 378
413 378
411 378
410 378
407 378
404 378
401 378
398 379
395 381
390 384
388 385
383 387
381 388
380 392
378 394
376 396
375 397
373 400
372 402
371 404
371 408
369 410
369 411
369 412
369 414
369 415
369 416
369 417
369 418
369 420
370 420
371 421
371 422
371 423
372 424
373 424
374 424
376 424
377 426
380 427
382 428
385 429
388 430
393 430
395 430
398 432
401 432
404 432
408 432
411 432
417 431
419 430
423 430
425 429
427 429
429 428
431 428
432 428
