163 66
162 62
161 59
159 57
157 55
154 51
153 50
151 49
149 48
147 48
146 48
145 48
143 48
142 48
141 48
139 48
138 49
135 50
133 50
131 53
127 54
125 54
124 55
121 56
119 58
118 58
116 60
114 62
113 62
111 64
110 64
109 66
107 66
107 67
106 68
105 69
105 70
104 72
104 74
103 74
103 76
103 77
103 79
103 80
103 82
104 82
105 82
105 83
105 84
106 84
107 85
108 85
109 86
110 87
111 88
113 90
116 93
119 96
123 98
127 103
131 106
136 109
143 113
145 114
148 116
151 116
152 117
153 117
155 117
157 117
158 117
159 117
159 116
159 115
159 114
157 114
156 113
155 112
152 112
150 111
147 111
144 111
140 111
137 111
131 114
127 115
121 118
117 120
112 122
108 125
103 128
100 132
97 135
94 138
92 142
91 144
91 146
90 150
90 152
90 156
90 157
91 160
91 163
92 164
93 164
93 165
93 166
95 166
96 167
97 168
99 170
102 171
105 172
107 174
111 174
114 175
117 177
121 177
125 177
129 175
137 173
143 171
151 166
158 162
163 158
169 152
173 148
177 143
180 139
183 134
186 132
