305 82
300 81
295 81
287 81
282 81
277 81
269 83
263 84
259 86
255 88
251 93
248 97
245 102
241 106
240 112
238 118
235 125
233 132
232 136
230 144
230 151
229 157
228 162
228 166
228 168
229 171
229 172
230 174
231 175
233 176
235 177
237 178
239 178
241 178
243 179
247 179
252 179
268 178
273 176
277 174
280 172
282 170
284 168
285 168
286 166
286 164
286 163
285 162
283 161
281 161
279 161
272 162
263 166
255 170
246 174
237 180
229 186
219 195
210 201
203 209
195 218
189 228
184 237
182 246
179 250
179 256
177 259
177 262
177 264
177 266
178 266
179 267
181 270
183 270
184 271
187 272
189 274
193 276
198 278
201 280
206 283
211 286
215 288
219 290
223 292
227 292
229 292
233 292
235 292
242 292
250 288
260 285
270 280
278 276
288 271
297 268
303 265
311 262
314 260
315 258
