295 103
292 100
287 98
285 94
280 92
277 92
275 91
271 91
269 90
263 90
260 91
254 92
250 94
245 96
243 99
238 101
236 104
233 106
232 108
230 110
228 112
227 114
226 116
226 118
226 120
226 121
226 123
226 126
226 129
227 133
227 138
228 142
230 146
233 152
235 157
237 162
240 165
245 170
247 172
252 175
255 176
257 178
260 179
262 180
265 180
269 180
273 180
280 179
285 179
291 178
297 176
301 174
305 174
310 173
313 172
314 171
315 171
317 171
317 170
317 169
317 168
316 168
315 168
314 167
312 167
311 167
307 168
305 168
301 169
293 173
287 177
277 182
269 188
260 194
253 201
245 207
239 214
234 221
230 228
227 232
224 237
222 243
221 246
220 250
220 255
220 260
220 263
220 268
220 270
221 274
222 277
223 279
225 280
226 284
227 284
231 286
233 287
235 288
240 289
245 289
250 290
255 290
261 290
267 290
275 290
280 288
287 286
293 285
299 283
305 279
308 276
313 274
