312 142
305 140
299 140
293 140
286 140
278 142
272 145
266 148
260 154
255 158
250 162
247 166
244 170
240 174
239 177
236 182
234 185
233 187
232 192
231 196
230 201
230 204
230 208
230 211
231 214
233 216
234 217
235 218
236 219
237 219
240 220
242 220
245 220
249 222
253 222
259 222
263 220
268 220
270 220
274 219
276 218
277 218
278 217
279 216
279 215
279 213
279 212
278 211
277 210
275 210
273 210
271 210
268 210
264 211
261 214
253 218
245 222
237 228
229 234
220 242
213 250
206 256
200 264
197 272
194 276
191 282
190 287
189 290
189 293
189 296
189 299
190 301
193 306
195 310
197 316
201 320
205 327
209 333
214 336
217 338
221 340
225 342
227 343
231 344
234 344
238 344
241 344
246 344
249 343
253 340
257 340
259 338
262 336
