352 122
352 121
351 121
351 120
350 120
350 119
349 119
348 119
347 119
345 119
344 117
343 117
340 117
338 117
335 117
331 117
329 118
326 118
322 119
319 120
316 120
314 122
312 124
309 126
307 129
305 133
303 135
303 137
300 140
300 142
299 142
299 144
299 145
299 147
299 148
299 150
299 151
299 153
300 154
301 154
301 156
303 157
304 158
305 160
307 161
310 162
311 164
313 164
317 165
318 166
319 166
321 167
323 167
325 167
326 167
327 167
329 167
331 167
332 167
333 167
335 166
336 166
337 166
337 165
337 164
335 164
334 164
333 164
331 164
327 167
322 170
316 174
310 181
304 185
297 192
291 197
287 204
283 209
281 213
277 216
276 220
274 221
273 222
273 226
273 227
273 228
273 230
273 233
273 234
273 236
273 238
273 239
273 240
273 241
274 242
275 242
276 242
278 243
279 244
282 244
285 246
288 246
291 246
297 246
303 246
310 246
317 244
324 242
330 240
335 238
343 237
346 234
349 233
352 232
355 232
357 230
358 230
359 229
360 229
361 228
361 227
363 226
