286 135
286 133
284 131
281 130
278 129
272 126
271 126
270 126
268 126
265 126
262 126
257 126
254 126
250 126
246 126
245 126
244 126
243 127
242 127
240 129
239 129
234 132
231 133
229 136
225 138
222 142
218 145
216 147
213 150
208 158
206 160
203 165
201 170
199 176
199 178
198 180
198 184
198 188
199 201
200 207
201 211
203 216
205 219
208 221
211 223
213 224
219 226
225 226
233 227
240 228
245 229
250 229
253 230
256 231
258 232
260 232
262 232
264 233
265 233
266 233
268 233
271 233
274 234
275 234
274 234
272 233
271 232
267 231
265 231
264 231
261 231
260 231
253 231
252 231
250 232
249 232
246 234
242 236
236 239
232 243
229 245
227 246
222 250
217 254
213 257
206 266
204 268
203 272
202 275
200 278
199 282
197 288
196 294
195 307
195 314
195 319
196 325
197 330
198 336
199 342
201 347
202 350
202 352
207 361
209 365
211 367
213 369
213 371
217 373
220 376
223 377
227 380
238 384
245 387
252 389
258 390
266 391
273 392
278 392
282 392
284 392
290 392
294 392
296 392
297 392
300 390
304 388
307 386
312 382
318 379
323 375
334 364
338 361
340 359
343 355
345 352
347 347
349 344
351 341
354 333
355 331
355 330
355 329
355 327
356 327
356 326
356 325
356 324
356 323
