68 100
68 99
67 98
67 94
65 90
64 82
62 74
58 68
56 61
54 54
52 51
51 48
49 46
49 45
48 44
47 44
47 43
47 44
48 44
49 45
53 46
56 48
63 49
68 50
74 51
79 51
85 51
90 50
93 50
97 49
99 48
101 46
103 46
105 44
105 42
106 42
106 40
107 39
107 38
107 36
107 34
106 34
105 34
105 35
104 36
103 38
102 40
101 44
100 48
100 54
100 62
100 74
100 88
100 102
101 112
101 126
102 139
102 152
102 164
102 174
102 180
102 186
102 192
102 198
102 204
102 211
101 217
101 220
100 224
99 226
98 228
98 229
97 231
95 232
94 232
93 232
92 233
89 233
87 234
85 234
83 234
79 234
77 234
75 233
72 232
70 229
68 228
67 224
65 220
63 216
63 211
62 206
62 202
61 200
61 198
61 195
61 193
61 191
61 189
63 187
64 186
65 184
69 178
74 171
79 164
87 154
93 144
99 135
105 128
111 122
115 114
119 108
121 104
123 99
125 97
125 96
127 93
127 92
128 90
128 89
129 88
129 85
129 84
129 80
130 76
131 74
131 70
133 68
133 66
135 63
135 62
135 61
135 60
143 60
151 60
160 62
165 62
171 62
174 62
175 62
177 62
178 63
178 64
