210 146
208 143
205 140
203 137
201 135
199 134
197 130
196 128
195 127
195 124
194 123
193 122
193 121
193 120
193 121
193 122
193 124
194 126
195 128
198 128
201 131
208 134
215 136
221 138
227 139
233 139
237 139
243 138
246 138
251 136
254 135
256 133
258 131
260 130
261 129
261 128
262 126
263 125
263 124
263 123
263 122
263 120
263 119
262 118
262 117
261 116
261 114
260 114
260 116
260 117
260 118
260 120
260 123
260 126
260 131
260 136
260 145
260 155
260 168
261 183
261 196
261 210
260 226
259 244
259 265
255 279
255 291
253 300
253 308
253 314
251 322
251 329
249 334
247 339
246 342
244 346
243 348
242 349
241 350
239 352
238 353
237 353
235 353
233 353
232 353
231 352
230 350
229 349
227 346
225 341
222 336
220 331
217 325
215 320
214 316
213 312
213 305
211 296
212 290
212 282
213 276
215 272
217 266
219 261
222 256
227 252
231 244
239 237
249 229
257 219
267 209
275 200
283 192
288 188
292 182
295 178
297 176
298 174
301 173
301 171
302 168
303 167
303 165
303 162
304 158
305 151
308 145
309 136
310 130
311 127
312 122
312 121
312 120
312 119
312 117
312 118
313 119
313 120
314 121
315 121
317 121
319 121
323 122
327 122
331 122
334 122
336 122
338 122
339 123
