178 159
177 156
174 148
172 140
169 134
166 130
165 125
163 120
161 118
160 117
159 116
158 114
157 114
158 116
159 117
161 118
165 120
167 121
173 124
179 125
183 125
189 126
192 126
196 126
198 125
201 124
204 122
205 121
206 120
207 119
208 116
209 116
210 116
210 115
210 114
211 113
211 112
211 110
212 110
212 109
212 110
212 112
212 113
212 116
212 120
212 132
209 156
208 175
207 200
203 234
201 259
201 274
199 287
198 299
197 310
196 318
194 325
193 328
191 332
190 334
189 335
188 336
187 337
185 340
183 340
182 340
181 340
177 340
175 340
173 340
171 340
167 337
163 334
159 330
154 322
151 312
147 304
145 296
143 290
143 282
145 271
146 261
149 252
151 244
153 240
157 234
161 230
167 226
172 220
178 215
185 211
191 207
199 203
205 199
211 193
218 185
225 180
229 174
232 170
236 167
237 165
239 163
239 162
241 160
241 159
242 158
242 157
242 156
242 155
243 155
243 154
243 153
244 152
245 150
249 144
254 135
261 128
264 120
267 116
269 114
270 112
271 111
271 110
271 109
271 108
272 108
273 108
273 110
274 110
276 110
277 112
280 112
286 114
293 115
297 118
303 119
306 119
308 120
311 120
313 120
