105 53
105 52
105 51
104 51
104 50
104 49
103 48
103 47
102 46
101 46
99 42
97 40
95 38
94 35
92 34
91 33
91 32
90 32
90 31
89 31
90 31
91 32
93 33
94 34
95 34
97 36
98 36
100 37
101 37
103 38
104 38
105 38
106 38
107 37
109 37
110 35
113 34
114 33
115 32
115 30
117 28
117 26
119 25
119 24
119 22
119 20
119 18
119 17
119 16
119 17
119 18
119 20
119 23
119 26
119 30
119 33
119 36
119 40
119 44
119 50
120 59
121 68
121 78
122 88
123 96
123 103
123 110
123 118
123 126
123 132
123 137
123 140
123 145
122 148
122 151
121 153
121 154
118 156
117 158
116 158
115 158
114 158
112 158
111 158
110 157
108 156
108 155
107 154
105 151
104 148
103 145
100 141
99 138
97 135
97 132
97 129
97 126
97 124
97 122
97 120
97 119
97 118
97 117
97 116
98 116
99 115
101 114
101 112
103 111
104 110
105 109
107 108
109 106
111 102
115 98
119 92
123 86
127 82
130 78
134 74
135 72
137 69
139 66
142 62
143 61
143 59
144 59
144 58
145 58
145 57
145 56
145 55
145 54
145 53
145 52
145 51
145 50
145 48
145 47
145 46
145 45
145 44
145 43
145 42
145 41
145 40
145 38
145 37
145 36
145 35
145 34
146 34
147 32
149 32
150 32
151 32
151 33
151 34
153 34
156 35
162 36
174 39
185 42
196 44
207 46
216 46
223 46
