144 90
143 90
143 89
141 88
141 86
139 84
137 82
135 80
134 79
133 77
130 76
129 74
128 72
127 72
127 71
127 70
127 69
128 70
129 70
131 72
132 73
135 74
137 75
141 76
145 77
149 78
153 78
158 78
162 77
165 75
167 74
168 70
172 68
173 66
174 64
175 61
175 60
175 59
175 58
175 56
175 55
174 55
174 54
173 54
173 55
173 56
172 58
172 59
172 62
172 67
172 71
172 76
172 83
172 94
173 108
175 129
175 142
175 152
175 162
175 173
174 186
174 198
173 209
172 217
170 224
169 230
168 235
167 238
165 246
161 249
158 255
155 261
150 265
147 268
145 270
142 271
139 272
137 273
135 273
133 273
132 272
130 270
128 267
127 265
127 261
126 256
125 252
124 250
123 247
123 244
123 241
123 237
125 232
127 226
131 214
135 205
141 195
146 189
151 182
157 174
166 168
171 159
179 150
187 142
192 136
198 130
201 126
205 121
208 118
209 116
211 114
213 112
214 107
216 105
217 102
217 98
218 96
219 95
219 94
220 92
220 91
220 90
220 89
220 88
221 88
221 86
222 86
223 86
224 86
225 87
227 88
230 88
235 89
242 89
250 89
258 89
265 88
269 88
272 88
274 88
276 86
277 86
277 87
277 88
