143 100
140 96
136 92
134 90
133 88
129 84
127 83
126 80
125 80
125 78
124 78
123 77
123 76
124 76
125 76
129 77
139 77
151 77
164 77
175 77
183 77
191 77
200 77
209 76
215 74
220 74
224 72
227 70
227 69
228 68
229 68
228 68
228 67
227 67
226 68
226 69
226 72
226 74
225 80
223 90
219 112
217 134
217 151
217 173
213 196
213 213
213 226
211 237
210 248
208 257
207 265
206 274
205 280
203 287
202 293
201 296
197 301
196 303
195 304
194 306
193 307
190 308
189 308
187 308
183 308
181 308
179 306
176 306
173 304
170 301
166 294
163 285
159 277
159 270
159 262
159 255
161 246
165 234
171 220
178 205
185 195
191 187
197 179
203 174
210 167
217 162
225 156
231 151
237 146
241 142
245 138
248 135
250 133
253 130
255 128
256 126
257 124
257 122
258 120
259 116
261 112
263 106
265 97
267 90
267 83
267 78
268 76
268 75
268 74
268 73
269 73
269 74
270 75
270 76
271 76
271 77
272 79
274 81
277 83
282 87
289 90
293 92
299 92
305 92
310 92
317 92
321 92
325 90
327 89
329 88
330 88
