365 77
365 75
364 72
362 70
361 67
361 64
360 62
359 59
357 56
357 55
357 54
356 53
356 52
357 52
357 53
360 54
361 55
362 58
364 61
367 62
370 64
376 68
380 70
385 71
388 72
389 73
391 73
392 73
393 73
394 73
395 72
395 71
395 70
395 69
395 68
395 66
395 64
395 63
395 62
395 61
394 64
394 67
393 73
392 80
392 84
390 89
388 97
385 112
384 137
382 152
382 164
381 176
379 187
379 196
375 208
374 214
373 220
373 224
372 226
371 229
371 230
370 232
368 232
367 234
365 235
365 236
363 237
361 238
360 238
359 238
358 238
356 236
355 236
354 234
353 233
352 230
350 226
349 222
347 215
347 208
345 204
345 197
346 192
346 187
347 183
347 180
349 178
351 174
351 172
352 171
353 168
355 166
359 161
363 155
367 148
373 142
378 136
381 132
387 127
390 123
393 120
396 117
397 116
398 114
399 114
401 113
401 112
402 112
403 112
403 111
404 110
405 108
406 106
408 104
411 99
413 97
413 94
415 91
417 90
418 88
419 87
419 86
419 84
419 83
419 82
420 82
422 82
423 82
425 82
427 82
431 82
435 82
439 82
441 82
445 83
447 83
448 84
449 84
450 86
450 88
