193 147
192 144
190 140
187 136
184 130
182 126
179 120
175 116
173 111
171 108
170 105
169 103
168 102
167 102
167 101
167 102
167 103
169 104
170 106
171 108
175 109
181 110
190 111
195 112
202 113
207 113
211 113
215 113
217 112
220 112
221 111
222 109
223 109
223 108
223 107
223 106
224 104
224 103
224 102
224 100
224 101
224 103
224 105
224 109
223 112
223 117
221 122
220 134
219 154
215 170
213 186
212 199
209 214
207 229
205 240
204 250
202 256
202 263
200 266
199 269
199 273
198 275
195 280
195 281
193 282
192 284
191 284
190 286
189 287
187 287
186 287
185 287
183 287
181 286
181 285
179 284
179 282
177 280
176 278
175 276
175 273
175 270
175 267
175 264
176 257
179 250
183 240
185 234
190 225
194 218
198 210
202 206
208 198
213 192
219 182
224 175
229 170
231 166
233 162
235 160
235 159
237 158
237 157
237 156
238 155
239 154
240 152
241 150
244 146
246 142
247 138
249 136
249 134
250 132
251 131
251 130
252 130
253 130
253 131
254 132
255 132
255 133
256 134
257 134
259 134
260 134
261 135
262 136
264 136
265 136
267 136
268 136
269 136
271 135
