61 204
61 203
60 202
59 200
59 198
58 195
56 191
55 189
53 184
51 182
50 180
49 177
48 176
45 174
44 173
44 172
44 170
45 171
45 172
47 172
51 174
57 176
63 178
72 181
80 182
87 183
91 183
95 183
97 183
99 183
101 183
101 182
102 182
102 180
102 179
102 178
101 178
101 177
101 176
99 176
98 176
97 176
97 178
97 180
97 184
95 192
95 202
91 218
87 234
85 252
82 272
76 294
74 306
73 316
71 324
70 329
67 334
67 337
65 339
65 342
64 344
63 345
63 346
62 347
61 347
60 347
59 347
58 347
57 346
53 343
53 342
51 338
50 335
49 331
48 329
48 326
48 321
49 316
50 308
52 298
55 289
59 280
63 274
68 266
73 257
81 248
87 242
93 236
99 228
105 224
109 218
113 214
117 209
121 206
125 201
129 198
131 196
133 192
137 190
138 188
139 186
140 185
141 184
142 183
143 182
144 181
145 180
145 179
146 178
146 179
146 180
146 181
147 182
147 183
147 184
148 184
149 184
151 184
152 185
153 186
154 186
156 187
156 188
157 188
