91 170
91 169
91 168
90 168
90 167
90 166
90 165
90 164
90 163
90 162
90 161
90 160
90 159
90 158
89 158
89 157
88 156
87 154
86 152
84 150
84 149
83 148
82 147
82 146
82 145
81 145
80 145
80 144
81 144
82 144
82 145
84 148
85 149
89 150
92 152
97 155
100 156
106 157
109 158
113 158
116 158
119 158
121 158
122 158
124 157
126 154
127 154
128 154
128 152
128 151
128 150
128 149
127 149
126 150
125 151
124 153
124 156
124 159
124 165
123 169
123 180
120 198
118 216
116 228
114 241
113 254
111 265
110 276
108 282
106 290
104 293
104 297
102 300
100 304
100 307
99 308
96 309
95 311
94 312
93 312
92 312
90 312
88 311
88 309
87 308
86 306
84 302
84 299
84 294
83 291
83 288
83 283
83 278
84 273
86 266
87 262
90 254
93 248
95 243
99 236
102 228
107 222
112 215
115 212
118 207
120 203
124 201
126 199
128 197
133 195
135 193
138 190
140 190
143 188
145 186
148 184
150 184
152 182
154 180
156 178
159 178
163 176
165 174
168 173
171 170
172 169
174 168
175 168
177 168
178 167
179 167
180 167
182 167
183 167
184 167
185 167
185 168
186 168
187 168
187 169
187 170
187 171
