112 394
112 393
111 393
111 392
110 392
110 391
109 390
109 389
109 388
108 388
108 387
108 386
107 386
106 384
105 383
105 382
104 382
103 381
102 380
101 380
100 379
100 378
100 377
99 376
98 376
98 375
97 374
99 374
101 375
103 376
105 377
110 379
113 379
117 379
119 379
123 378
125 377
127 376
129 375
131 374
132 372
133 370
133 369
133 368
133 367
133 366
133 368
133 370
133 373
133 376
133 379
133 382
133 385
133 393
132 401
132 408
132 414
132 420
131 426
131 430
130 434
130 438
129 443
127 447
127 453
126 457
125 462
123 468
121 472
119 474
118 477
117 478
116 479
115 479
115 480
114 480
113 480
111 478
111 477
109 474
107 470
107 466
107 462
105 456
105 454
105 449
105 446
105 444
105 442
105 441
105 440
105 439
107 438
109 434
111 432
115 427
119 424
124 418
127 414
131 410
137 405
141 400
147 395
153 390
157 386
161 383
165 378
166 376
167 375
168 373
169 372
170 372
171 372
172 372
173 372
174 372
175 372
177 372
179 373
183 373
187 373
190 373
192 373
195 373
196 373
197 373
198 373
199 373
199 374
