143 127
137 117
132 108
128 102
124 98
121 93
119 90
116 88
114 84
113 84
113 83
112 82
112 83
113 84
115 86
119 89
124 92
134 96
147 100
157 104
168 107
179 109
189 110
197 111
205 112
209 112
215 112
217 112
219 112
221 112
221 111
222 110
223 108
223 107
223 106
223 105
223 104
223 103
222 102
220 100
218 98
215 93
213 91
211 88
207 84
206 82
205 79
205 77
203 76
203 75
202 75
203 76
203 78
203 81
205 88
210 99
223 130
241 171
257 205
277 262
292 301
309 342
322 381
333 412
342 429
347 448
351 462
354 476
356 486
357 496
357 504
357 509
357 516
357 523
356 528
352 537
347 544
344 549
337 554
331 557
323 558
315 558
307 558
297 556
286 552
277 544
267 534
258 520
245 494
232 456
225 424
219 394
217 364
217 337
217 320
219 294
225 273
230 249
233 237
239 227
243 219
249 212
258 204
265 194
272 186
279 176
284 168
290 162
295 153
303 143
309 133
314 124
317 118
321 112
323 108
325 104
326 102
327 101
329 99
329 98
330 97
330 96
331 96
331 94
332 94
333 93
333 92
333 91
333 90
334 90
334 89
334 88
333 88
332 88
331 88
331 87
331 86
331 85
331 84
331 83
331 82
330 82
330 81
329 80
329 79
329 78
329 79
330 80
331 80
334 80
338 80
343 78
352 75
361 71
367 68
372 65
378 61
382 58
385 55
388 52
389 50
391 48
393 47
