137 107
135 102
131 98
128 92
126 88
125 83
122 80
122 78
121 76
121 75
121 74
121 75
121 76
121 78
123 79
125 80
127 81
133 83
139 84
145 86
152 86
157 84
163 82
168 81
171 78
176 74
178 73
181 71
182 70
184 69
185 68
186 67
187 66
188 66
189 66
190 66
190 68
190 70
191 78
192 89
193 103
193 118
193 134
193 147
193 166
190 184
185 210
182 228
179 242
176 253
173 262
171 274
167 283
163 292
161 300
159 304
157 309
154 311
153 313
152 313
151 313
151 314
149 314
148 313
147 312
146 311
145 307
143 304
143 297
141 288
139 279
138 270
138 259
138 248
139 239
142 229
144 220
147 210
151 203
155 197
159 190
166 182
172 176
179 168
187 160
195 153
202 147
208 142
215 137
219 132
224 128
228 122
232 118
237 111
241 106
246 99
250 92
255 86
257 84
258 81
259 81
259 80
260 79
261 78
262 78
263 79
263 80
264 81
265 83
269 83
273 84
278 85
283 86
287 86
291 86
295 86
298 86
301 86
