262 96
262 95
262 94
262 93
261 91
261 90
261 89
261 88
260 88
259 88
259 87
259 86
257 84
256 81
255 80
253 77
252 76
251 74
250 74
249 72
248 71
247 70
247 71
247 72
247 74
247 76
249 78
251 81
252 82
254 84
256 86
258 87
261 88
262 88
263 89
265 89
267 89
270 89
271 89
274 89
277 89
279 88
283 87
285 86
286 86
287 84
288 83
288 82
289 81
289 80
289 78
289 77
288 76
287 75
287 74
286 74
285 74
284 74
283 74
282 74
282 75
282 76
282 78
282 81
282 83
282 87
282 89
282 91
282 92
282 96
282 97
282 98
283 100
283 104
284 111
286 118
287 124
287 132
288 139
288 144
288 150
288 152
288 158
288 162
288 168
288 173
287 177
284 184
283 190
281 196
279 202
275 205
274 206
273 208
271 210
270 210
269 211
267 211
265 211
264 211
263 210
261 208
259 208
255 207
253 206
251 204
249 202
247 199
246 196
245 193
244 190
244 187
243 183
243 180
243 176
243 174
244 173
245 172
245 170
247 168
248 168
249 168
251 167
253 166
257 165
262 161
267 157
273 151
279 147
285 140
289 136
294 131
298 127
301 124
305 121
307 120
308 118
310 118
311 115
313 114
314 113
315 112
319 109
321 106
325 100
329 92
333 85
335 80
337 77
338 76
338 75
338 74
338 73
338 72
337 72
336 72
335 72
335 73
335 74
335 75
335 76
335 78
335 80
335 82
336 83
337 84
338 84
339 86
341 87
345 88
349 90
355 90
358 90
