143 125
143 124
144 122
144 119
145 117
145 113
146 105
146 89
146 83
146 80
146 79
146 83
146 86
147 87
147 88
148 92
151 96
155 100
163 104
172 106
182 108
190 108
197 108
210 107
216 105
223 100
230 93
237 87
243 81
247 75
252 68
255 62
263 52
264 48
264 53
263 59
262 61
262 63
262 67
262 74
261 79
260 86
260 90
259 96
259 101
258 108
257 114
255 121
254 125
254 129
253 135
252 139
250 145
246 160
244 168
242 173
242 177
242 180
241 183
240 186
236 197
233 203
232 205
231 206
230 210
229 214
227 217
224 222
221 228
216 235
214 238
213 241
211 244
208 247
205 251
203 254
200 257
198 259
197 260
196 261
195 261
194 262
192 264
190 265
188 266
186 267
183 269
182 268
181 268
177 265
175 263
173 260
170 252
169 244
167 237
167 228
167 218
168 210
169 207
170 205
172 199
179 188
181 186
182 184
184 181
187 179
191 175
194 172
199 169
205 166
224 156
231 153
238 149
245 145
254 142
262 138
270 136
279 132
287 130
296 127
304 125
311 123
318 119
325 116
338 110
347 106
357 102
367 97
374 93
389 83
393 80
396 77
399 74
400 71
402 69
403 68
404 66
405 64
407 57
407 52
407 49
407 47
407 46
407 42
407 40
407 39
407 38
407 36
406 36
406 35
405 35
404 35
