182 148
182 147
181 146
181 145
180 144
179 142
177 141
176 140
175 138
173 136
172 135
171 134
170 133
170 132
169 132
170 134
171 134
173 136
173 138
175 138
176 139
178 140
179 140
181 140
182 140
183 140
185 140
186 140
187 140
190 140
191 139
193 138
195 136
195 135
197 134
197 133
198 132
198 130
198 129
198 128
198 127
198 126
198 125
198 124
198 123
197 123
197 122
196 122
195 122
195 123
195 126
195 128
195 134
195 138
195 144
195 148
195 156
195 170
195 184
197 199
197 211
197 220
197 227
197 231
197 236
197 240
197 242
196 244
196 247
195 250
195 252
194 253
193 256
193 257
192 258
191 259
189 260
188 260
187 260
186 260
185 260
183 260
182 260
181 259
177 258
175 258
173 256
171 254
169 252
168 250
167 248
167 245
167 244
166 242
166 241
166 239
166 238
166 237
166 236
167 234
168 232
169 232
173 230
174 230
175 229
177 227
180 226
182 224
185 220
189 215
193 210
199 203
204 196
210 189
215 182
222 174
226 168
232 160
237 152
239 146
241 143
243 141
243 139
243 138
243 137
243 136
243 135
242 135
242 134
241 134
240 134
239 133
238 133
239 134
240 134
241 134
242 135
243 137
247 138
253 138
259 140
266 142
270 142
274 142
276 142
277 142
279 143
