155 137
155 136
155 135
155 134
155 132
155 131
155 130
155 128
155 126
154 124
154 122
152 119
151 114
149 108
148 106
146 105
145 104
145 102
144 102
144 101
144 100
143 100
143 101
143 102
143 104
144 104
145 105
146 106
148 107
149 108
151 108
152 108
155 108
158 108
163 107
167 105
171 104
175 100
181 98
184 96
185 94
188 92
189 90
190 87
190 86
191 84
191 83
191 82
190 81
190 80
189 80
189 78
187 78
187 79
186 80
186 81
186 82
186 84
186 88
186 90
187 94
187 97
189 104
190 121
193 141
193 153
194 164
195 176
195 188
195 200
195 210
195 220
195 228
195 234
195 240
194 248
194 256
193 263
192 269
191 273
189 276
187 281
187 282
186 284
185 285
184 286
183 288
182 288
181 288
179 288
177 287
175 286
173 285
171 282
165 278
161 270
157 261
154 252
152 244
149 237
147 231
147 226
147 223
147 219
147 216
148 211
151 208
153 204
157 201
161 197
167 192
173 188
180 182
189 178
196 171
205 166
213 159
219 153
223 148
227 143
229 141
232 138
233 136
235 133
237 132
239 130
240 126
241 125
241 122
244 120
245 118
245 114
247 107
251 95
255 82
257 72
259 64
261 58
262 54
262 53
264 51
264 50
264 52
264 53
264 54
264 55
265 56
265 58
265 60
267 62
268 63
271 66
277 67
284 69
292 72
299 72
306 73
312 75
316 76
319 76
321 76
323 76
323 77
