169 130
168 129
167 128
165 126
161 123
158 121
155 120
153 118
150 116
149 115
147 114
145 113
145 112
144 112
143 111
143 110
142 110
142 109
143 109
144 110
145 110
147 110
150 112
154 113
161 114
169 114
173 115
179 114
185 114
189 113
195 111
199 110
203 108
205 106
205 104
207 104
207 102
207 101
207 100
207 99
207 100
206 102
206 104
206 106
206 110
206 115
205 127
205 151
203 174
202 194
202 216
197 247
197 264
195 279
195 291
193 302
191 311
190 318
189 326
186 333
185 338
185 340
183 344
182 345
181 348
180 349
178 350
177 350
175 350
173 350
172 350
171 350
169 350
168 350
166 349
165 348
163 347
163 346
161 344
159 342
159 339
158 334
158 328
158 320
158 314
158 306
159 299
163 290
167 278
173 267
178 256
183 246
189 240
194 234
199 228
206 222
213 216
217 210
223 204
229 199
233 194
236 190
240 185
244 181
245 178
247 176
249 172
251 169
253 167
254 164
255 162
255 158
257 153
259 148
260 142
260 140
261 136
262 132
262 131
262 130
262 128
263 128
264 129
265 130
267 131
271 132
277 132
287 132
296 132
306 132
311 128
319 126
325 124
328 123
330 122
