181 122
179 120
178 115
176 111
171 104
168 96
164 92
161 84
159 81
155 76
153 74
152 71
151 70
150 70
150 69
149 68
150 69
151 70
152 72
153 73
155 74
157 76
161 76
165 79
169 79
172 80
175 80
178 80
181 80
186 78
189 76
191 75
195 72
199 69
203 66
207 60
209 56
211 51
213 48
213 46
213 45
213 44
213 43
212 43
212 45
212 46
211 48
211 50
210 54
210 57
209 63
209 74
207 92
206 112
205 124
205 135
203 147
201 162
201 174
200 183
199 190
199 196
199 198
197 203
197 205
196 207
195 210
193 212
193 214
191 216
189 218
187 219
184 221
182 222
179 224
177 224
175 224
172 224
170 223
168 222
165 220
163 219
161 217
160 214
159 212
159 209
156 205
156 201
155 196
155 194
155 190
155 188
156 185
157 182
159 180
161 176
165 172
169 166
173 161
178 156
183 151
188 146
194 141
201 134
207 125
213 116
220 110
224 103
229 98
233 93
235 91
237 90
238 87
238 86
239 86
240 85
240 84
240 83
240 82
240 81
240 80
240 79
240 78
241 76
241 75
241 74
242 74
243 74
244 74
245 74
249 74
254 74
263 74
271 74
279 74
285 74
289 74
