184 152
184 151
183 151
183 150
182 150
181 147
179 142
178 138
176 132
173 128
171 122
169 118
167 112
167 108
166 104
163 102
163 99
163 97
162 96
162 95
162 94
163 94
163 95
165 96
166 100
171 102
182 106
195 111
209 114
221 116
232 117
241 118
248 120
254 120
258 118
261 118
263 118
265 116
266 115
266 114
266 112
266 111
266 110
265 110
264 110
263 110
263 111
263 114
263 116
261 122
261 134
259 156
256 179
253 202
252 233
252 254
251 277
249 292
249 310
248 330
248 346
247 358
247 368
246 373
245 380
242 385
241 390
238 396
235 401
233 406
229 408
225 412
222 414
219 416
215 417
212 418
209 418
205 418
203 416
197 412
195 408
192 402
189 394
185 386
184 372
184 356
184 334
185 320
188 310
191 298
196 289
200 279
207 270
211 262
217 253
223 247
227 243
235 237
242 233
249 228
257 223
263 219
271 213
279 208
283 202
290 195
293 190
297 186
298 182
299 180
300 178
300 176
301 174
302 172
303 169
305 166
307 159
308 152
309 146
311 140
311 138
312 136
312 134
313 133
313 132
313 133
314 133
315 133
316 133
317 133
320 133
322 133
327 133
331 133
337 133
342 133
347 133
349 133
353 133
355 133
357 133
360 133
361 133
361 134
